0	325
5	325
10	325
15	325
20	325
25	325
30	325
35	325
40	325
45	325
50	325
55	325
60	325
65	325
70	325
75	325
80	325
85	325
90	325
95	325
100	325
105	325
110	325
115	325
120	325
125	325
130	325
135	325
140	325
145	325
150	325
155	325
160	325
165	325
170	325
175	325
180	325
185	325
190	325
195	325
200	325
205	325
210	325
215	325
220	325
225	325
230	325
235	325
240	325
245	325
250	325
255	325
260	325
265	325
270	325
275	325
280	325
285	325
290	325
295	325
300	325
305	325
310	325
315	325
320	325
325	325
330	325
335	325
340	325
345	325
350	325
355	325
360	325
365	325
370	325
375	325
380	325
385	325
390	325
395	325
400	325
405	325
410	325
415	325
420	325
425	325
430	325
435	325
440	325
445	325
450	325
455	325
460	325
465	325
470	325
475	325
480	325
485	325
490	325
495	325
500	325
505	325
510	325
515	325
520	325
525	325
530	325
535	325
540	325
545	325
550	325
555	325
560	325
565	325
570	325
575	325
580	325
585	325
590	325
595	325
600	325
605	325
610	325
615	325
620	325
625	325
630	325
635	325
640	1525.76
645	997.958
650	798.216
655	701.648
660	642.075
665	912.342
670	860.562
675	765.721
680	693.688
685	1410.84
690	1008.44
695	831.498
700	735.861
705	668.86
710	615.969
715	572.94
720	833.524
725	813.111
730	739.739
735	673.265
740	1139.57
745	945.06
750	818.306
755	735.27
760	674.533
765	872.696
770	853.934
775	783.822
780	718.172
785	1010.12
790	917.883
795	822.148
800	748.846
805	690.213
810	641.336
815	599.793
820	716.215
825	771.773
830	741.298
835	689.79
840	805.961
845	849.018
850	797.451
855	736.568
860	683.206
865	759.006
870	785.324
875	757.081
880	711.869
885	799.519
890	821.559
895	786.748
900	738.429
905	691.373
910	648.888
915	611.145
920	618.911
925	690.154
930	698.485
935	671.328
940	674.438
945	746.611
950	745.62
955	712.471
960	673.186
965	672.318
970	706.852
975	707.881
980	684.164
985	688.527
990	728.056
995	728.334
1000	703.781
1005	671.187
1010	637.853
1015	606.258
1020	587.468
1025	626.099
1030	644.408
1035	636.105
1040	622.739
1045	661.016
1050	676.016
1055	665.548
1060	642.998
1065	626.734
1070	645.765
1075	655.307
1080	646.555
1085	635.065
1090	656.134
1095	665.941
1100	657.645
1105	638.735
1110	615.476
1115	591.186
1120	569.608
1125	580.953
1130	593.333
1135	593.292
1140	584.81
1145	601.228
1150	615.013
1155	615.55
1160	605.485
1165	591.651
1170	596.813
1175	603.726
1180	601.968
1185	593.943
1190	602.344
1195	610.928
1200	610.442
1205	601.431
1210	587.02
1215	569.83
1220	551.996
1225	549.158
1230	553.106
1235	554.212
1240	549.96
1245	555.198
1250	563.759
1255	567.687
1260	564.819
1265	556.935
1270	556.4
1275	559.662
1280	560.278
1285	556.337
1290	558.441
1295	563.245
1300	564.975
1305	561.547
1310	553.521
1315	542.266
1320	529.185
1325	521.536
1330	520.314
1335	520.635
1340	518.756
1345	519.148
1350	523.098
1355	526.747
1360	527.013
1365	523.311
1370	520.937
1375	521.315
1380	521.817
1385	520.14
1390	519.952
1395	522.195
1400	524.247
1405	523.748
1410	519.951
1415	513.208
1420	504.294
1425	496.161
1430	491.924
1435	490.319
1440	488.681
1445	487.412
1450	488.669
1455	491.166
1460	492.511
1465	491.379
1470	489.397
1475	488.694
1480	488.824
1485	488.221
1490	487.458
1495	488.04
1500	489.316
1505	489.688
1510	488.093
1515	484.277
1520	478.501
1525	471.948
1530	467.122
1535	464.402
1540	462.494
1545	460.679
1550	460.243
1555	461.127
1560	462.043
1565	461.794
1570	460.425
1575	459.319
1580	458.871
1585	458.381
1590	457.524
1595	457.23
1600	457.639
1605	457.96
1610	457.328
1615	455.267
1620	451.699
1625	447
1630	442.637
1635	439.436
1640	437.1
1645	435.059
1650	433.832
1655	433.653
1660	433.976
1665	433.984
1670	433.24
1675	432.312
1680	431.661
1685	431.12
1690	430.374
1695	429.84
1700	429.795
1705	429.95
1710	429.748
1715	428.726
1720	426.651
1725	423.556
1730	420.149
1735	417.154
1740	414.744
1745	412.681
1750	411.101
1755	410.214
1760	409.874
1765	409.64
1770	409.088
1775	408.322
1780	407.626
1785	407.04
1790	406.387
1795	405.781
1800	405.421
1805	405.265
1810	405.039
1815	404.409
1820	403.122
1825	401.072
1830	398.518
1835	395.926
1840	393.599
1845	391.543
1850	389.796
1855	388.491
1860	387.647
1865	387.07
1870	386.465
1875	385.736
1880	384.988
1885	384.297
1890	383.606
1895	382.935
1900	382.397
1905	382.038
1910	381.748
1915	381.313
1920	380.52
1925	379.218
1930	377.436
1935	375.41
1940	373.394
1945	371.503
1950	369.784
1955	368.335
1960	367.228
1965	366.41
1970	365.714
1975	365.01
1980	364.296
1985	363.62
1990	362.974
1995	362.344
2000	361.776
2005	361.321
2010	360.95
2015	360.553
2020	359.981
2025	359.099
2030	357.851
2035	356.328
2040	354.695
2045	353.078
2050	351.536
2055	350.139
2060	348.956
2065	347.997
2070	347.19
2075	346.436
2080	345.693
2085	344.974
2090	344.283
2095	343.612
2100	342.977
2105	342.418
2110	341.941
2115	341.5
2120	341.002
2125	340.342
2130	339.442
2135	338.306
2140	337.013
2145	335.655
2150	334.298
2155	333
2160	331.823
2165	330.806
2170	329.933
2175	329.147
2180	328.402
2185	327.686
2190	326.995
2195	326.323
2200	325.673
2205	325.065
2210	324.517
2215	324.013
2220	323.507
2225	322.928
2230	322.209
2235	321.32
2240	320.285
2245	319.161
2250	317.998
2255	316.844
2260	315.748
2265	314.748
2270	313.856
2275	313.05
2280	312.299
2285	311.587
2290	310.906
2295	310.251
2300	309.618
2305	309.015
2310	308.451
2315	307.927
2320	307.419
2325	306.884
2330	306.273
2335	305.548
2340	304.705
2345	303.765
2350	302.766
2355	301.742
2360	300.731
2365	299.771
2370	298.884
2375	298.07
2380	297.315
2385	296.602
2390	295.924
2395	295.271
2400	294.639
2405	294.031
2410	293.452
2415	292.907
2420	292.387
2425	291.869
2430	291.321
2435	290.707
2440	290.011
2445	289.234
2450	288.392
2455	287.507
2460	286.608
2465	285.721
2470	284.871
2475	284.068
2480	283.312
2485	282.596
2490	281.914
2495	281.259
2500	280.629
2505	280.023
2510	279.442
2515	278.889
2520	278.363
2525	277.85
2530	277.331
2535	276.781
2540	276.179
2545	275.517
2550	274.799
2555	274.038
2560	273.25
2565	272.455
2570	271.672
2575	270.916
2580	270.191
2585	269.496
2590	268.828
2595	268.184
2600	267.561
2605	266.957
2610	266.374
2615	265.814
2620	265.277
2625	264.759
2630	264.25
2635	263.732
2640	263.187
2645	262.605
2650	261.982
2655	261.32
2660	260.628
2665	259.919
2670	259.207
2675	258.506
2680	257.824
2685	257.164
2690	256.527
2695	255.91
2700	255.314
2705	254.735
2710	254.174
2715	253.631
2720	253.109
2725	252.604
2730	252.112
2735	251.622
2740	251.121
2745	250.599
2750	250.049
2755	249.469
2760	248.862
2765	248.236
2770	247.6
2775	246.963
2780	246.335
2785	245.719
2790	245.119
2795	244.534
2800	243.965
2805	243.409
2810	242.867
2815	242.339
2820	241.826
2825	241.327
2830	240.84
2835	240.359
2840	239.875
2845	239.38
2850	238.867
2855	238.332
2860	237.775
2865	237.2
2870	236.611
2875	236.016
2880	235.423
2885	234.837
2890	234.261
2895	233.697
2900	233.146
2905	232.608
2910	232.082
2915	231.567
2920	231.065
2925	230.576
2930	230.098
2935	229.629
2940	229.164
2945	228.696
2950	228.22
2955	227.73
2960	227.225
2965	226.705
2970	226.173
2975	225.633
2980	225.09
2985	224.549
2990	224.013
2995	223.485
3000	222.965
3005	222.455
3010	221.955
3015	221.465
3020	220.985
3025	220.515
3030	220.056
3035	219.605
3040	219.16
3045	218.716
3050	218.269
3055	217.814
3060	217.349
3065	216.872
3070	216.384
3075	215.887
3080	215.383
3085	214.878
3090	214.372
3095	213.871
3100	213.374
3105	212.883
3110	212.399
3115	211.923
3120	211.454
3125	210.993
3130	210.541
3135	210.098
3140	209.661
3145	209.229
3150	208.798
3155	208.365
3160	207.927
3165	207.481
3170	207.028
3175	206.567
3180	206.101
3185	205.63
3190	205.159
3195	204.688
3200	204.22
3205	203.757
3210	203.298
3215	202.845
3220	202.398
3225	201.958
3230	201.526
3235	201.101
3240	200.682
3245	200.269
3250	199.859
3255	199.45
3260	199.039
3265	198.624
3270	198.204
3275	197.779
3280	197.349
3285	196.915
3290	196.479
3295	196.043
3300	195.607
3305	195.174
3310	194.743
3315	194.317
3320	193.895
3325	193.477
3330	193.065
3335	192.659
3340	192.259
3345	191.863
3350	191.471
3355	191.081
3360	190.692
3365	190.301
3370	189.908
3375	189.51
3380	189.109
3385	188.704
3390	188.297
3395	187.889
3400	187.48
3405	187.072
3410	186.667
3415	186.263
3420	185.863
3425	185.466
3430	185.073
3435	184.685
3440	184.3
3445	183.92
3450	183.544
3455	183.169
3460	182.797
3465	182.424
3470	182.049
3475	181.673
3480	181.294
3485	180.912
3490	180.528
3495	180.142
3500	179.756
3505	179.369
3510	178.984
3515	178.601
3520	178.219
3525	177.841
3530	177.465
3535	177.093
3540	176.724
3545	176.36
3550	175.998
3555	175.64
3560	175.283
3565	174.927
3570	174.571
3575	174.214
3580	173.855
3585	173.495
3590	173.132
3595	172.768
3600	172.403
3605	172.037
3610	171.672
3615	171.307
3620	170.944
3625	170.583
3630	170.224
3635	169.868
3640	169.514
3645	169.164
3650	168.817
3655	168.473
3660	168.131
3665	167.791
3670	167.452
3675	167.113
3680	166.773
3685	166.433
3690	166.092
3695	165.749
3700	165.406
3705	165.061
3710	164.717
3715	164.373
3720	164.03
3725	163.688
3730	163.347
3735	163.008
3740	162.672
3745	162.338
3750	162.006
3755	161.677
3760	161.35
3765	161.025
3770	160.7
3775	160.375
3780	160.048
3785	159.717
3790	159.381
3795	159.038
3800	158.685
3805	158.321
3810	157.945
3815	157.554
3820	157.147
3825	156.723
3830	156.281
3835	155.821
3840	155.341
3845	154.841
3850	154.321
3855	153.781
3860	153.221
3865	152.641
3870	152.043
3875	151.425
3880	150.79
3885	150.137
3890	149.467
3895	148.782
3900	148.082
3905	147.368
3910	146.64
3915	145.9
3920	145.149
3925	144.388
3930	143.616
3935	142.837
3940	142.049
3945	141.254
3950	140.453
3955	139.647
3960	138.836
3965	138.021
3970	137.203
3975	136.382
3980	135.56
3985	134.736
3990	133.912
3995	133.087
4000	132.263
4005	131.44
4010	130.618
4015	129.798
4020	128.98
4025	128.164
4030	127.352
4035	126.543
4040	125.737
4045	124.936
4050	124.138
4055	123.345
4060	122.556
4065	121.772
4070	120.993
4075	120.219
4080	119.45
4085	118.687
4090	117.93
4095	117.178
4100	116.432
4105	115.693
4110	114.959
4115	114.232
4120	113.51
4125	112.796
4130	112.087
4135	111.385
4140	110.689
4145	110
4150	109.317
4155	108.641
4160	107.972
4165	107.309
4170	106.652
4175	106.002
4180	105.359
4185	104.722
4190	104.092
4195	103.468
4200	102.85
4205	102.24
4210	101.635
4215	101.037
4220	100.445
4225	99.8594
4230	99.2801
4235	98.707
4240	98.1401
4245	97.5793
4250	97.0246
4255	96.4759
4260	95.9332
4265	95.3964
4270	94.8655
4275	94.3404
4280	93.8211
4285	93.3075
4290	92.7995
4295	92.2972
4300	91.8003
4305	91.309
4310	90.8231
4315	90.3426
4320	89.8673
4325	89.3974
4330	88.9326
4335	88.473
4340	88.0184
4345	87.5689
4350	87.1243
4355	86.6846
4360	86.2498
4365	85.8198
4370	85.3945
4375	84.9739
4380	84.5579
4385	84.1464
4390	83.7395
4395	83.3371
4400	82.939
4405	82.5453
4410	82.1558
4415	81.7706
4420	81.3896
4425	81.0127
4430	80.6399
4435	80.2711
4440	79.9063
4445	79.5455
4450	79.1885
4455	78.8353
4460	78.4859
4465	78.1402
4470	77.7982
4475	77.4598
4480	77.125
4485	76.7937
4490	76.466
4495	76.1416
4500	75.8207
4505	75.5031
4510	75.1889
4515	74.8779
4520	74.5701
4525	74.2655
4530	73.9641
4535	73.6657
4540	73.3704
4545	73.0781
4550	72.7888
4555	72.5025
4560	72.219
4565	71.9384
4570	71.6607
4575	71.3857
4580	71.1134
4585	70.8439
4590	70.577
4595	70.3128
4600	70.0512
4605	69.7922
4610	69.5357
4615	69.2817
4620	69.0302
4625	68.7812
4630	68.5345
4635	68.2902
4640	68.0483
4645	67.8087
4650	67.5713
4655	67.3362
4660	67.1034
4665	66.8727
4670	66.6442
4675	66.4178
4680	66.1936
4685	65.9714
4690	65.7513
4695	65.5332
4700	65.3172
4705	65.1031
4710	64.8909
4715	64.6807
4720	64.4724
4725	64.2659
4730	64.0613
4735	63.8586
4740	63.6576
4745	63.4585
4750	63.261
4755	63.0654
4760	62.8714
4765	62.6791
4770	62.4885
4775	62.2996
4780	62.1123
4785	61.9266
4790	61.7424
4795	61.5599
4800	61.3789
4805	61.1994
4810	61.0214
4815	60.845
4820	60.67
4825	60.4964
4830	60.3243
4835	60.1536
4840	59.9843
4845	59.8164
4850	59.6498
4855	59.4846
4860	59.3207
4865	59.1582
4870	58.9969
4875	58.8369
4880	58.6782
4885	58.5208
4890	58.3646
4895	58.2096
4900	58.0558
4905	57.9032
4910	57.7517
4915	57.6015
4920	57.4524
4925	57.3044
4930	57.1575
4935	57.0118
4940	56.8671
4945	56.7235
4950	56.581
4955	56.4396
4960	56.2992
4965	56.1598
4970	56.0214
4975	55.8841
4980	55.7477
4985	55.6124
4990	55.478
4995	55.3445
5000	55.212
5005	55.0805
5010	54.9498
5015	54.8201
5020	54.6913
5025	54.5634
5030	54.4364
5035	54.3102
5040	54.185
5045	54.0605
5050	53.9369
5055	53.8142
5060	53.6923
5065	53.5712
5070	53.4509
5075	53.3314
5080	53.2127
5085	53.0947
5090	52.9776
5095	52.8612
5100	52.7455
5105	52.6306
5110	52.5165
5115	52.403
5120	52.2903
5125	52.1783
5130	52.067
5135	51.9565
5140	51.8465
5145	51.7373
5150	51.6288
5155	51.5209
5160	51.4137
5165	51.3072
5170	51.2012
5175	51.096
5180	50.9913
5185	50.8873
5190	50.7839
5195	50.6812
5200	50.579
5205	50.4774
5210	50.3765
5215	50.2761
5220	50.1763
5225	50.077
5230	49.9784
5235	49.8803
5240	49.7828
5245	49.6858
5250	49.5893
5255	49.4934
5260	49.3981
5265	49.3033
5270	49.209
5275	49.1152
5280	49.0219
5285	48.9291
5290	48.8369
5295	48.7451
5300	48.6539
5305	48.5631
5310	48.4728
5315	48.383
5320	48.2937
5325	48.2048
5330	48.1164
5335	48.0285
5340	47.941
5345	47.854
5350	47.7674
5355	47.6812
5360	47.5955
5365	47.5103
5370	47.4255
5375	47.3411
5380	47.2571
5385	47.1735
5390	47.0904
5395	47.0076
5400	46.9253
5405	46.8434
5410	46.7619
5415	46.6808
5420	46.6
5425	46.5197
5430	46.4397
5435	46.3602
5440	46.281
5445	46.2021
5450	46.1237
5455	46.0456
5460	45.9679
5465	45.8905
5470	45.8136
5475	45.7369
5480	45.6606
5485	45.5847
5490	45.5091
5495	45.4339
5500	45.359
5505	45.2844
5510	45.2102
5515	45.1363
5520	45.0627
5525	44.9895
5530	44.9166
5535	44.844
5540	44.7717
5545	44.6997
5550	44.6281
5555	44.5567
5560	44.4857
5565	44.415
5570	44.3445
5575	44.2744
5580	44.2046
5585	44.1351
5590	44.0658
5595	43.9969
5600	43.9282
5605	43.8599
5610	43.7918
5615	43.724
5620	43.6564
5625	43.5892
5630	43.5222
5635	43.4555
5640	43.3891
5645	43.3229
5650	43.257
5655	43.1914
5660	43.126
5665	43.0609
5670	42.9961
5675	42.9315
5680	42.8672
5685	42.8031
5690	42.7393
5695	42.6757
5700	42.6123
5705	42.5492
5710	42.4864
5715	42.4238
5720	42.3614
5725	42.2993
5730	42.2374
5735	42.1758
5740	42.1144
5745	42.0532
5750	41.9922
5755	41.9315
5760	41.871
5765	41.8107
5770	41.7507
5775	41.6909
5780	41.6313
5785	41.5719
5790	41.5127
5795	41.4538
5800	41.395
5805	41.3365
5810	41.2782
5815	41.2201
5820	41.1622
5825	41.1045
5830	41.0471
5835	40.9898
5840	40.9327
5845	40.8759
5850	40.8192
5855	40.7627
5860	40.7065
5865	40.6504
5870	40.5946
5875	40.5389
5880	40.4834
5885	40.4281
5890	40.373
5895	40.3181
5900	40.2634
5905	40.2089
5910	40.1545
5915	40.1004
5920	40.0464
5925	39.9926
5930	39.939
5935	39.8856
5940	39.8324
5945	39.7793
5950	39.7264
5955	39.6737
5960	39.6212
5965	39.5688
5970	39.5166
5975	39.4646
5980	39.4128
5985	39.3611
5990	39.3096
5995	39.2583
6000	39.2072
6005	39.1562
6010	39.1053
6015	39.0547
6020	39.0042
6025	38.9539
6030	38.9037
6035	38.8537
6040	38.8038
6045	38.7541
6050	38.7046
6055	38.6553
6060	38.606
6065	38.557
6070	38.5081
6075	38.4593
6080	38.4108
6085	38.3623
6090	38.314
6095	38.2659
6100	38.2179
6105	38.1701
6110	38.1224
6115	38.0749
6120	38.0275
6125	37.9803
6130	37.9332
6135	37.8862
6140	37.8394
6145	37.7928
6150	37.7462
6155	37.6999
6160	37.6537
6165	37.6076
6170	37.5616
6175	37.5158
6180	37.4701
6185	37.4246
6190	37.3792
6195	37.334
6200	37.2889
6205	37.2439
6210	37.1991
6215	37.1543
6220	37.1098
6225	37.0653
6230	37.021
6235	36.9768
6240	36.9328
6245	36.8889
6250	36.8451
6255	36.8015
6260	36.7579
6265	36.7146
6270	36.6713
6275	36.6282
6280	36.5851
6285	36.5423
6290	36.4995
6295	36.4569
6300	36.4144
6305	36.372
6310	36.3297
6315	36.2876
6320	36.2456
6325	36.2037
6330	36.1619
6335	36.1203
6340	36.0787
6345	36.0373
6350	35.9961
6355	35.9549
6360	35.9138
6365	35.8729
6370	35.8321
6375	35.7914
6380	35.7508
6385	35.7104
6390	35.67
6395	35.6298
6400	35.5897
6405	35.5497
6410	35.5098
6415	35.47
6420	35.4303
6425	35.3908
6430	35.3513
6435	35.312
6440	35.2728
6445	35.2337
6450	35.1947
6455	35.1558
6460	35.117
6465	35.0784
6470	35.0398
6475	35.0014
6480	34.963
6485	34.9248
6490	34.8867
6495	34.8486
6500	34.8107
