0	    ,26
0.001	,117.573
0.002	,117.572
0.003	,117.571
0.004	,117.57
0.005	,117.568
0.006	,117.567
0.007	,117.565
0.008	,117.563
0.009	,117.56
0.01	,117.558
0.011	,117.556
0.012	,117.553
0.013	,117.551
0.014	,117.548
0.015	,117.545
0.016	,117.542
0.017	,117.54
0.018	,117.537
0.019	,117.534
0.02	,117.532
0.021	,117.529
0.022	,117.527
0.023	,117.524
0.024	,117.522
0.025	,117.52
0.026	,117.518
0.027	,117.517
0.028	,117.516
0.029	,117.516
0.03	,117.516
0.031	,117.518
0.032	,117.52
0.033	,117.523
0.034	,117.527
0.035	,117.534
0.036	,117.541
0.037	,117.553
0.038	,117.565
0.039	,117.584
0.04	,117.603
0.041	,117.63
0.042	,117.657
0.043	,117.697
0.044	,117.737
0.045	,117.794
0.046	,117.851
0.047	,117.932
0.048	,118.014
0.049	,118.123
0.05	,118.231
0.051	,118.375
0.052	,118.519
0.053	,118.705
0.054	,118.892
0.055	,119.13
0.056	,119.37
0.057	,119.684
0.058	,120.002
0.059	,120.393
0.06	,120.785
0.061	,121.27
0.062	,121.755
0.063	,122.349
0.064	,122.945
0.065	,123.68
0.066	,124.42
0.067	,125.282
0.068	,126.144
0.069	,127.159
0.07	,128.175
0.071	,129.36
0.072	,130.548
0.073	,131.977
0.074	,133.417
0.075	,135.021
0.076	,136.625
0.077	,138.473
0.078	,140.323
0.079	,142.422
0.08	,144.526
0.081	,146.95
0.082	,149.387
0.083	,152.032
0.084	,154.677
0.085	,157.557
0.086	,160.436
0.087	,163.619
0.088	,166.807
0.089	,170.315
0.09	,173.833
0.091	,177.762
0.092	,181.707
0.093	,185.834
0.094	,189.961
0.095	,194.347
0.096	,198.735
0.097	,203.518
0.098	,208.313
0.099	,213.656
0.1	    ,219.023
0.101	,224.524
0.102	,230.025
0.103	,235.689
0.104	,241.355
0.105	,246.955
0.106	,252.554
0.107	,258.587
0.108	,264.638
0.109	,271.029
0.11	,277.419
0.111	,284.139
0.112	,290.859
0.113	,297.616
0.114	,304.374
0.115	,311.129
0.116	,317.884
0.117	,325.623
0.118	,333.402
0.119	,341.863
0.12	,350.325
0.121	,358.912
0.122	,367.501
0.123	,375.479
0.124	,383.438
0.125	,390.428
0.126	,397.363
0.127	,402.798
0.128	,408.233
0.129	,415.514
0.13	,422.813
0.131	,431.939
0.132	,441.102
0.133	,450.67
0.134	,460.236
0.135	,468.038
0.136	,475.841
0.137	,482.89
0.138	,489.94
0.139	,502.419
0.14	,515.009
0.141	,529.258
0.142	,543.558
0.143	,555.54
0.144	,567.4
0.145	,574.476
0.146	,581.551
0.147	,584.796
0.148	,588.002
0.149	,588.627
0.15	,589.172
0.151	,588.685
0.152	,588.341
0.153	,606.32
0.154	,624.298
0.155	,643.402
0.156	,662.517
0.157	,673.378
0.158	,684.07
0.159	,687.199
0.16	,690.006
0.161	,692.143
0.162	,694.281
0.163	,740.912
0.164	,787.544
0.165	,813.839
0.166	,839.719
0.167	,843.024
0.168	,845.631
0.169	,837.088
0.17	,827.957
0.171	,815.533
0.172	,803.108
0.173	,790.71
0.174	,778.312
0.175	,766.94
0.176	,755.601
0.177	,750.123
0.178	,744.889
0.179	,866.344
0.18	,987.798
0.181	,1009.2
0.182	,1029.59
0.183	,1009.59
0.184	,988.763
0.185	,959.858
0.186	,930.76
0.187	,915.795
0.188	,900.83
0.189	,1171.24
0.19	,1444.53
0.191	,1401.24
0.192	,1351.49
0.193	,1275.77
0.194	,1199.35
0.195	,1134.68
0.196	,1070
0.197	,1029.37
0.198	,988.731
0.199	,958.597
0.2	    ,928.57
0.201	,906.015
0.202	,883.693
0.203	,865.722
0.204	,847.932
0.205	,876.669
0.206	,905.405
0.207	,1819.01
0.208	,2741.55
0.209	,2211.78
0.21	,1652.38
0.211	,1462.62
0.212	,1289.01
0.213	,1190
0.214	,1090.99
0.215	,1055.52
0.216	,1020.7
0.217	,1361.29
0.218	,1709.55
0.219	,1591.33
0.22	,1459.1
0.221	,1369.55
0.222	,1280
0.223	,1210.69
0.224	,1141.39
0.225	,1091.24
0.226	,1041.49
0.227	,1010.41
0.228	,979.912
0.229	,955.538
0.23	,931.419
0.231	,913.114
0.232	,894.81
0.233	,879.932
0.234	,865.088
0.235	,949.268
0.236	,1036.51
0.237	,1099.08
0.238	,1159.85
0.239	,1145
0.24	,1130.15
0.241	,1100.45
0.242	,1070.6
0.243	,1036.04
0.244	,1001.39
0.245	,984.098
0.246	,968.108
0.247	,1009.05
0.248	,1050
0.249	,1059.9
0.25	,1069.8
0.251	,1060.25
0.252	,1050.3
0.253	,1030.79
0.254	,1010.99
0.255	,991.921
0.256	,972.891
0.257	,955.373
0.258	,937.855
0.259	,922.699
0.26	,907.567
0.261	,894.318
0.262	,881.128
0.263	,869.164
0.264	,857.268
0.265	,847.07
0.266	,836.872
0.267	,849.335
0.268	,862.027
0.269	,875.219
0.27	,888.421
0.271	,894.022
0.272	,899.23
0.273	,896.934
0.274	,894.637
0.275	,888.153
0.276	,881.668
0.277	,875.892
0.278	,870.13
0.279	,872.963
0.28	,876.062
0.281	,880.446
0.282	,884.899
0.283	,885.913
0.284	,886.928
0.285	,884.235
0.286	,881.505
0.287	,876.287
0.288	,870.992
0.289	,864.236
0.29	,857.416
0.291	,850.343
0.292	,843.27
0.293	,836.129
0.294	,828.987
0.295	,822.073
0.296	,815.164
0.297	,808.312
0.298	,801.468
0.299	,795.175
0.3	    ,788.882
0.301	,786.975
0.302	,785.068
0.303	,786.171
0.304	,787.336
0.305	,788.912
0.306	,790.5
0.307	,791.009
0.308	,791.461
0.309	,790.372
0.31	,789.283
0.311	,787.65
0.312	,786.012
0.313	,785.412
0.314	,784.845
0.315	,785.167
0.316	,785.526
0.317	,785.882
0.318	,786.237
0.319	,785.91
0.32	,785.576
0.321	,784.342
0.322	,783.09
0.323	,780.954
0.324	,778.776
0.325	,776.029
0.326	,773.283
0.327	,770.083
0.328	,766.878
0.329	,763.405
0.33	,759.926
0.331	,756.214
0.332	,752.494
0.333	,748.807
0.334	,745.12
0.335	,741.615
0.336	,738.109
0.337	,735.473
0.338	,732.854
0.339	,731.278
0.34	,729.734
0.341	,728.85
0.342	,727.993
0.343	,727.362
0.344	,726.73
0.345	,725.939
0.346	,725.147
0.347	,724.328
0.348	,723.509
0.349	,722.84
0.35	,722.178
0.351	,721.739
0.352	,721.3
0.353	,720.934
0.354	,720.568
0.355	,720.11
0.356	,719.651
0.357	,718.96
0.358	,718.259
0.359	,717.296
0.36	,716.333
0.361	,715.086
0.362	,713.84
0.363	,712.331
0.364	,710.816
0.365	,709.089
0.366	,707.354
0.367	,705.407
0.368	,703.451
0.369	,701.412
0.37	,699.373
0.371	,697.371
0.372	,695.37
0.373	,693.557
0.374	,691.751
0.375	,690.173
0.376	,688.607
0.377	,687.349
0.378	,686.091
0.379	,684.992
0.38	,683.894
0.381	,682.867
0.382	,681.842
0.383	,680.846
0.384	,679.853
0.385	,678.985
0.386	,678.118
0.387	,677.366
0.388	,676.614
0.389	,675.946
0.39	,675.28
0.391	,674.656
0.392	,674.033
0.393	,673.374
0.394	,672.714
0.395	,672.012
0.396	,671.309
0.397	,670.52
0.398	,669.73
0.399	,668.832
0.4	    ,667.931
0.401	,666.895
0.402	,665.852
0.403	,664.743
0.404	,663.633
0.405	,662.428
0.406	,661.222
0.407	,659.98
0.408	,658.736
0.409	,657.466
0.41	,656.196
0.411	,655.024
0.412	,653.852
0.413	,652.767
0.414	,651.681
0.415	,650.664
0.416	,649.648
0.417	,648.691
0.418	,647.735
0.419	,646.793
0.42	,645.852
0.421	,644.99
0.422	,644.128
0.423	,643.327
0.424	,642.527
0.425	,641.778
0.426	,641.03
0.427	,640.31
0.428	,639.591
0.429	,638.919
0.43	,638.246
0.431	,637.583
0.432	,636.92
0.433	,636.25
0.434	,635.581
0.435	,634.864
0.436	,634.144
0.437	,633.415
0.438	,632.685
0.439	,631.911
0.44	,631.135
0.441	,630.319
0.442	,629.502
0.443	,628.63
0.444	,627.757
0.445	,626.887
0.446	,626.018
0.447	,625.149
0.448	,624.28
0.449	,623.43
0.45	,622.58
0.451	,621.747
0.452	,620.915
0.453	,620.085
0.454	,619.255
0.455	,618.469
0.456	,617.683
0.457	,616.922
0.458	,616.161
0.459	,615.433
0.46	,614.704
0.461	,613.981
0.462	,613.259
0.463	,612.59
0.464	,611.922
0.465	,611.275
0.466	,610.628
0.467	,609.999
0.468	,609.371
0.469	,608.738
0.47	,608.105
0.471	,607.49
0.472	,606.876
0.473	,606.26
0.474	,605.645
0.475	,605.016
0.476	,604.388
0.477	,603.746
0.478	,603.103
0.479	,602.43
0.48	,601.757
0.481	,601.088
0.482	,600.42
0.483	,599.75
0.484	,599.08
0.485	,598.406
0.486	,597.733
0.487	,597.044
0.488	,596.355
0.489	,595.696
0.49	,595.037
0.491	,594.383
0.492	,593.73
0.493	,593.089
0.494	,592.449
0.495	,591.799
0.496	,591.149
0.497	,590.532
0.498	,589.915
0.499	,589.315
0.5	    ,588.716
0.501	,588.128
0.502	,587.54
0.503	,586.967
0.504	,586.395
0.505	,585.814
0.506	,585.232
0.507	,584.676
0.508	,584.119
0.509	,583.57
0.51	,583.021
0.511	,582.472
0.512	,581.922
0.513	,581.355
0.514	,580.788
0.515	,580.237
0.516	,579.687
0.517	,579.132
0.518	,578.576
0.519	,578.022
0.52	,577.467
0.521	,576.893
0.522	,576.318
0.523	,575.761
0.524	,575.204
0.525	,574.652
0.526	,574.099
0.527	,573.548
0.528	,572.996
0.529	,572.451
0.53	,571.906
0.531	,571.347
0.532	,570.788
0.533	,570.252
0.534	,569.716
0.535	,569.189
0.536	,568.662
0.537	,568.14
0.538	,567.619
0.539	,567.089
0.54	,566.559
0.541	,566.055
0.542	,565.55
0.543	,565.05
0.544	,564.55
0.545	,564.057
0.546	,563.565
0.547	,563.06
0.548	,562.554
0.549	,562.067
0.55	,561.58
0.551	,561.098
0.552	,560.615
0.553	,560.132
0.554	,559.648
0.555	,559.168
0.556	,558.688
0.557	,558.193
0.558	,557.697
0.559	,557.217
0.56	,556.737
0.561	,556.261
0.562	,555.785
0.563	,555.309
0.564	,554.832
0.565	,554.346
0.566	,553.86
0.567	,553.389
0.568	,552.918
0.569	,552.45
0.57	,551.982
0.571	,551.52
0.572	,551.058
0.573	,550.584
0.574	,550.11
0.575	,549.656
0.576	,549.203
0.577	,548.751
0.578	,548.3
0.579	,547.853
0.58	,547.406
0.581	,546.953
0.582	,546.499
0.583	,546.06
0.584	,545.622
0.585	,545.189
0.586	,544.756
0.587	,544.323
0.588	,543.891
0.589	,543.462
0.59	,543.032
0.591	,542.594
0.592	,542.156
0.593	,541.73
0.594	,541.305
0.595	,540.884
0.596	,540.462
0.597	,540.041
0.598	,539.619
0.599	,539.187
0.6	    ,538.755
0.601	,538.339
0.602	,537.924
0.603	,537.508
0.604	,537.093
0.605	,536.679
0.606	,536.266
0.607	,535.845
0.608	,535.424
0.609	,535.016
0.61	,534.607
0.611	,534.204
0.612	,533.801
0.613	,533.398
0.614	,532.996
0.615	,532.596
0.616	,532.197
0.617	,531.79
0.618	,531.384
0.619	,530.99
0.62	,530.596
0.621	,530.208
0.622	,529.819
0.623	,529.431
0.624	,529.042
0.625	,528.645
0.626	,528.248
0.627	,527.866
0.628	,527.485
0.629	,527.104
0.63	,526.722
0.631	,526.345
0.632	,525.968
0.633	,525.579
0.634	,525.191
0.635	,524.815
0.636	,524.44
0.637	,524.068
0.638	,523.697
0.639	,523.325
0.64	,522.954
0.641	,522.586
0.642	,522.218
0.643	,521.839
0.644	,521.46
0.645	,521.095
0.646	,520.729
0.647	,520.367
0.648	,520.005
0.649	,519.643
0.65	,519.282
0.651	,518.912
0.652	,518.541
0.653	,518.186
0.654	,517.831
0.655	,517.475
0.656	,517.12
0.657	,516.769
0.658	,516.418
0.659	,516.057
0.66	,515.696
0.661	,515.347
0.662	,514.998
0.663	,514.653
0.664	,514.308
0.665	,513.964
0.666	,513.619
0.667	,513.278
0.668	,512.937
0.669	,512.586
0.67	,512.234
0.671	,511.895
0.672	,511.555
0.673	,511.22
0.674	,510.884
0.675	,510.548
0.676	,510.212
0.677	,509.87
0.678	,509.527
0.679	,509.194
0.68	,508.862
0.681	,508.531
0.682	,508.2
0.683	,507.873
0.684	,507.545
0.685	,507.208
0.686	,506.871
0.687	,506.547
0.688	,506.223
0.689	,505.899
0.69	,505.575
0.691	,505.252
0.692	,504.93
0.693	,504.601
0.694	,504.273
0.695	,503.954
0.696	,503.635
0.697	,503.318
0.698	,503.001
0.699	,502.687
0.7	    ,502.373
0.701	,502.059
0.702	,501.746
0.703	,501.426
0.704	,501.106
0.705	,500.795
0.706	,500.484
0.707	,500.175
0.708	,499.866
0.709	,499.56
0.71	,499.254
0.711	,498.939
0.712	,498.624
0.713	,498.321
0.714	,498.018
0.715	,497.715
0.716	,497.412
0.717	,497.11
0.718	,496.809
0.719	,496.501
0.72	,496.193
0.721	,495.895
0.722	,495.596
0.723	,495.3
0.724	,495.004
0.725	,494.709
0.726	,494.413
0.727	,494.118
0.728	,493.824
0.729	,493.524
0.73	,493.223
0.731	,492.932
0.732	,492.64
0.733	,492.351
0.734	,492.063
0.735	,491.774
0.736	,491.485
0.737	,491.189
0.738	,490.893
0.739	,490.609
0.74	,490.324
0.741	,490.04
0.742	,489.755
0.743	,489.473
0.744	,489.191
0.745	,488.901
0.746	,488.611
0.747	,488.33
0.748	,488.049
0.749	,487.772
0.75	,487.494
0.751	,487.216
0.752	,486.938
0.753	,486.662
0.754	,486.387
0.755	,486.103
0.756	,485.819
0.757	,485.545
0.758	,485.271
0.759	,484.999
0.76	,484.727
0.761	,484.456
0.762	,484.184
0.763	,483.905
0.764	,483.626
0.765	,483.358
0.766	,483.09
0.767	,482.822
0.768	,482.554
0.769	,482.288
0.77	,482.023
0.771	,481.749
0.772	,481.475
0.773	,481.211
0.774	,480.946
0.775	,480.684
0.776	,480.422
0.777	,480.16
0.778	,479.898
0.779	,479.638
0.78	,479.378
0.781	,479.111
0.782	,478.843
0.783	,478.584
0.784	,478.326
0.785	,478.069
0.786	,477.813
0.787	,477.556
0.788	,477.3
0.789	,477.037
0.79	,476.774
0.791	,476.521
0.792	,476.268
0.793	,476.015
0.794	,475.761
0.795	,475.51
0.796	,475.26
0.797	,475.001
0.798	,474.742
0.799	,474.492
0.8	    ,474.242
0.801	,473.995
0.802	,473.747
0.803	,473.499
0.804	,473.251
0.805	,473.006
0.806	,472.76
0.807	,472.507
0.808	,472.254
0.809	,472.009
0.81	,471.764
0.811	,471.521
0.812	,471.279
0.813	,471.036
0.814	,470.793
0.815	,470.546
0.816	,470.298
0.817	,470.057
0.818	,469.816
0.819	,469.577
0.82	,469.337
0.821	,469.099
0.822	,468.862
0.823	,468.617
0.824	,468.372
0.825	,468.136
0.826	,467.901
0.827	,467.665
0.828	,467.429
0.829	,467.194
0.83	,466.959
0.831	,466.719
0.832	,466.479
0.833	,466.246
0.834	,466.013
0.835	,465.782
0.836	,465.551
0.837	,465.32
0.838	,465.089
0.839	,464.859
0.84	,464.629
0.841	,464.393
0.842	,464.158
0.843	,463.93
0.844	,463.701
0.845	,463.475
0.846	,463.249
0.847	,463.022
0.848	,462.795
0.849	,462.563
0.85	,462.33
0.851	,462.106
0.852	,461.883
0.853	,461.659
0.854	,461.435
0.855	,461.211
0.856	,460.988
0.857	,460.761
0.858	,460.533
0.859	,460.311
0.86	,460.09
0.861	,459.87
0.862	,459.651
0.863	,459.431
0.864	,459.211
0.865	,458.992
0.866	,458.774
0.867	,458.55
0.868	,458.327
0.869	,458.109
0.87	,457.892
0.871	,457.677
0.872	,457.461
0.873	,457.246
0.874	,457.03
0.875	,456.809
0.876	,456.588
0.877	,456.375
0.878	,456.162
0.879	,455.949
0.88	,455.736
0.881	,455.524
0.882	,455.313
0.883	,455.095
0.884	,454.877
0.885	,454.666
0.886	,454.455
0.887	,454.246
0.888	,454.037
0.889	,453.828
0.89	,453.619
0.891	,453.411
0.892	,453.204
0.893	,452.99
0.894	,452.776
0.895	,452.569
0.896	,452.362
0.897	,452.156
0.898	,451.951
0.899	,451.746
0.9	    ,451.54
0.901	,451.329
0.902	,451.118
0.903	,450.915
0.904	,450.712
0.905	,450.509
0.906	,450.306
0.907	,450.104
0.908	,449.903
0.909	,449.695
0.91	,449.487
0.911	,449.286
0.912	,449.085
0.913	,448.885
0.914	,448.686
0.915	,448.486
0.916	,448.286
0.917	,448.088
0.918	,447.89
0.919	,447.686
0.92	,447.482
0.921	,447.284
0.922	,447.086
0.923	,446.89
0.924	,446.695
0.925	,446.498
0.926	,446.302
0.927	,446.102
0.928	,445.901
0.929	,445.706
0.93	,445.511
0.931	,445.317
0.932	,445.123
0.933	,444.93
0.934	,444.738
0.935	,444.539
0.936	,444.34
0.937	,444.149
0.938	,443.958
0.939	,443.766
0.94	,443.575
0.941	,443.384
0.942	,443.193
0.943	,442.998
0.944	,442.803
0.945	,442.613
0.946	,442.424
0.947	,442.235
0.948	,442.046
0.949	,441.858
0.95	,441.671
0.951	,441.483
0.952	,441.295
0.953	,441.104
0.954	,440.912
0.955	,440.725
0.956	,440.539
0.957	,440.353
0.958	,440.167
0.959	,439.983
0.96	,439.798
0.961	,439.608
0.962	,439.418
0.963	,439.235
0.964	,439.052
0.965	,438.869
0.966	,438.685
0.967	,438.502
0.968	,438.32
0.969	,438.133
0.97	,437.946
0.971	,437.764
0.972	,437.583
0.973	,437.403
0.974	,437.222
0.975	,437.042
0.976	,436.862
0.977	,436.682
0.978	,436.502
0.979	,436.318
0.98	,436.134
0.981	,435.956
0.982	,435.777
0.983	,435.6
0.984	,435.422
0.985	,435.245
0.986	,435.067
0.987	,434.885
0.988	,434.703
0.989	,434.527
0.99	,434.351
0.991	,434.176
0.992	,434
0.993	,433.825
0.994	,433.651
0.995	,433.471
0.996	,433.291
0.997	,433.117
0.998	,432.942
0.999	,432.769
1	    ,432.597
1.001	,432.424
1.002	,432.25
1.003	,432.079
1.004	,431.907
1.005	,431.73
1.006	,431.552
1.007	,431.381
1.008	,431.209
1.009	,431.039
1.01	,430.869
1.011	,430.699
1.012	,430.528
1.013	,430.353
1.014	,430.178
1.015	,430.009
1.016	,429.841
1.017	,429.672
1.018	,429.503
1.019	,429.335
1.02	,429.168
1.021	,428.995
1.022	,428.822
1.023	,428.655
1.024	,428.487
1.025	,428.321
1.026	,428.155
1.027	,427.989
1.028	,427.823
1.029	,427.657
1.03	,427.492
1.031	,427.322
1.032	,427.152
1.033	,426.987
1.034	,426.822
1.035	,426.659
1.036	,426.495
1.037	,426.331
1.038	,426.167
1.039	,425.999
1.04	,425.831
1.041	,425.668
1.042	,425.506
1.043	,425.344
1.044	,425.181
1.045	,425.02
1.046	,424.859
1.047	,424.693
1.048	,424.526
1.049	,424.365
1.05	,424.204
1.051	,424.045
1.052	,423.885
1.053	,423.725
1.054	,423.565
1.055	,423.406
1.056	,423.247
1.057	,423.083
1.058	,422.919
1.059	,422.761
1.06	,422.602
1.061	,422.445
1.062	,422.287
1.063	,422.129
1.064	,421.972
1.065	,421.81
1.066	,421.649
1.067	,421.492
1.068	,421.335
1.069	,421.179
1.07	,421.022
1.071	,420.867
1.072	,420.712
1.073	,420.552
1.074	,420.392
1.075	,420.237
1.076	,420.083
1.077	,419.928
1.078	,419.774
1.079	,419.62
1.08	,419.465
1.081	,419.308
1.082	,419.15
1.083	,418.997
1.084	,418.843
1.085	,418.691
1.086	,418.539
1.087	,418.387
1.088	,418.234
1.089	,418.082
1.09	,417.93
1.091	,417.775
1.092	,417.619
1.093	,417.468
1.094	,417.317
1.095	,417.166
1.096	,417.016
1.097	,416.866
1.098	,416.716
1.099	,416.561
1.1	    ,416.407
1.101	,416.258
1.102	,416.109
1.103	,415.96
1.104	,415.811
1.105	,415.662
1.106	,415.513
1.107	,415.361
1.108	,415.209
1.109	,415.061
1.11	,414.913
1.111	,414.766
1.112	,414.62
1.113	,414.472
1.114	,414.325
1.115	,414.178
1.116	,414.032
1.117	,413.882
1.118	,413.732
1.119	,413.586
1.12	,413.44
1.121	,413.295
1.122	,413.15
1.123	,413.005
1.124	,412.86
1.125	,412.711
1.126	,412.561
1.127	,412.418
1.128	,412.274
1.129	,412.13
1.13	,411.986
1.131	,411.843
1.132	,411.7
1.133	,411.553
1.134	,411.405
1.135	,411.262
1.136	,411.119
1.137	,410.977
1.138	,410.836
1.139	,410.693
1.14	,410.551
1.141	,410.41
1.142	,410.269
1.143	,410.124
1.144	,409.978
1.145	,409.837
1.146	,409.696
1.147	,409.556
1.148	,409.416
1.149	,409.276
1.15	,409.135
1.151	,408.991
1.152	,408.847
1.153	,408.708
1.154	,408.569
1.155	,408.43
1.156	,408.291
1.157	,408.152
1.158	,408.014
1.159	,407.872
1.16	,407.729
1.161	,407.591
1.162	,407.453
1.163	,407.316
1.164	,407.178
1.165	,407.041
1.166	,406.904
1.167	,406.767
1.168	,406.631
1.169	,406.49
1.17	,406.349
1.171	,406.212
1.172	,406.076
1.173	,405.941
1.174	,405.805
1.175	,405.67
1.176	,405.534
1.177	,405.395
1.178	,405.256
1.179	,405.121
1.18	,404.986
1.181	,404.851
1.182	,404.717
1.183	,404.583
1.184	,404.449
1.185	,404.311
1.186	,404.173
1.187	,404.04
1.188	,403.907
1.189	,403.774
1.19	,403.64
1.191	,403.507
1.192	,403.374
1.193	,403.238
1.194	,403.102
1.195	,402.97
1.196	,402.837
1.197	,402.705
1.198	,402.573
1.199	,402.442
1.2	    ,402.311
1.201	,402.179
1.202	,402.048
1.203	,401.914
1.204	,401.779
1.205	,401.648
1.206	,401.517
1.207	,401.387
1.208	,401.256
1.209	,401.127
1.21	,400.997
1.211	,400.864
1.212	,400.73
1.213	,400.601
1.214	,400.472
1.215	,400.343
1.216	,400.214
1.217	,400.085
1.218	,399.956
1.219	,399.824
1.22	,399.692
1.221	,399.564
1.222	,399.435
1.223	,399.308
1.224	,399.181
1.225	,399.053
1.226	,398.925
1.227	,398.798
1.228	,398.671
1.229	,398.54
1.23	,398.41
1.231	,398.283
1.232	,398.156
1.233	,398.03
1.234	,397.905
1.235	,397.778
1.236	,397.652
1.237	,397.523
1.238	,397.393
1.239	,397.268
1.24	,397.143
1.241	,397.018
1.242	,396.892
1.243	,396.768
1.244	,396.643
1.245	,396.515
1.246	,396.386
1.247	,396.262
1.248	,396.138
1.249	,396.014
1.25	,395.89
1.251	,395.767
1.252	,395.643
1.253	,395.52
1.254	,395.397
1.255	,395.27
1.256	,395.143
1.257	,395.02
1.258	,394.897
1.259	,394.775
1.26	,394.652
1.261	,394.53
1.262	,394.407
1.263	,394.282
1.264	,394.156
1.265	,394.034
1.266	,393.913
1.267	,393.792
1.268	,393.67
1.269	,393.549
1.27	,393.428
1.271	,393.304
1.272	,393.179
1.273	,393.058
1.274	,392.937
1.275	,392.817
1.276	,392.697
1.277	,392.577
1.278	,392.457
1.279	,392.337
1.28	,392.218
1.281	,392.095
1.282	,391.971
1.283	,391.852
1.284	,391.733
1.285	,391.614
1.286	,391.495
1.287	,391.376
1.288	,391.257
1.289	,391.135
1.29	,391.013
1.291	,390.895
1.292	,390.777
1.293	,390.659
1.294	,390.541
1.295	,390.424
1.296	,390.306
1.297	,390.185
1.298	,390.064
1.299	,389.947
1.3	    ,389.829
1.301	,389.713
1.302	,389.596
1.303	,389.479
1.304	,389.363
1.305	,389.247
1.306	,389.131
1.307	,389.011
1.308	,388.891
1.309	,388.775
1.31	,388.659
1.311	,388.543
1.312	,388.428
1.313	,388.313
1.314	,388.197
1.315	,388.079
1.316	,387.96
1.317	,387.845
1.318	,387.73
1.319	,387.615
1.32	,387.501
1.321	,387.387
1.322	,387.272
1.323	,387.155
1.324	,387.037
1.325	,386.923
1.326	,386.81
1.327	,386.696
1.328	,386.582
1.329	,386.468
1.33	,386.355
1.331	,386.239
1.332	,386.122
1.333	,386.009
1.334	,385.896
1.335	,385.784
1.336	,385.671
1.337	,385.559
1.338	,385.446
1.339	,385.334
1.34	,385.221
1.341	,385.106
1.342	,384.991
1.343	,384.879
1.344	,384.767
1.345	,384.656
1.346	,384.545
1.347	,384.433
1.348	,384.322
1.349	,384.207
1.35	,384.093
1.351	,383.982
1.352	,383.872
1.353	,383.761
1.354	,383.65
1.355	,383.54
1.356	,383.429
1.357	,383.316
1.358	,383.203
1.359	,383.093
1.36	,382.983
1.361	,382.873
1.362	,382.764
1.363	,382.654
1.364	,382.545
1.365	,382.435
1.366	,382.326
1.367	,382.214
1.368	,382.102
1.369	,381.993
1.37	,381.884
1.371	,381.776
1.372	,381.667
1.373	,381.559
1.374	,381.45
1.375	,381.339
1.376	,381.227
1.377	,381.12
1.378	,381.012
1.379	,380.904
1.38	,380.796
1.381	,380.689
1.382	,380.582
1.383	,380.471
1.384	,380.361
1.385	,380.253
1.386	,380.146
1.387	,380.04
1.388	,379.933
1.389	,379.826
1.39	,379.72
1.391	,379.614
1.392	,379.508
1.393	,379.398
1.394	,379.288
1.395	,379.182
1.396	,379.076
1.397	,378.971
1.398	,378.865
1.399	,378.759
1.4	    ,378.654
1.401	,378.545
1.402	,378.436
1.403	,378.332
1.404	,378.227
1.405	,378.122
1.406	,378.017
1.407	,377.912
1.408	,377.808
1.409	,377.7
1.41	,377.592
1.411	,377.488
1.412	,377.383
1.413	,377.279
1.414	,377.176
1.415	,377.071
1.416	,376.967
1.417	,376.864
1.418	,376.761
1.419	,376.654
1.42	,376.547
1.421	,376.444
1.422	,376.34
1.423	,376.237
1.424	,376.135
1.425	,376.031
1.426	,375.928
1.427	,375.823
1.428	,375.717
1.429	,375.615
1.43	,375.512
1.431	,375.41
1.432	,375.307
1.433	,375.205
1.434	,375.104
1.435	,374.998
1.436	,374.893
1.437	,374.792
1.438	,374.69
1.439	,374.589
1.44	,374.487
1.441	,374.386
1.442	,374.284
1.443	,374.18
1.444	,374.076
1.445	,373.975
1.446	,373.874
1.447	,373.773
1.448	,373.672
1.449	,373.572
1.45	,373.472
1.451	,373.371
1.452	,373.271
1.453	,373.168
1.454	,373.065
1.455	,372.965
1.456	,372.865
1.457	,372.765
1.458	,372.665
1.459	,372.565
1.46	,372.466
1.461	,372.364
1.462	,372.261
1.463	,372.162
1.464	,372.063
1.465	,371.964
1.466	,371.865
1.467	,371.766
1.468	,371.667
1.469	,371.565
1.47	,371.464
1.471	,371.365
1.472	,371.267
1.473	,371.169
1.474	,371.071
1.475	,370.972
1.476	,370.874
1.477	,370.776
1.478	,370.678
1.479	,370.577
1.48	,370.477
1.481	,370.379
1.482	,370.281
1.483	,370.184
1.484	,370.087
1.485	,369.99
1.486	,369.892
1.487	,369.792
1.488	,369.692
1.489	,369.596
1.49	,369.499
1.491	,369.402
1.492	,369.305
1.493	,369.209
1.494	,369.113
1.495	,369.013
1.496	,368.914
1.497	,368.818
1.498	,368.721
1.499	,368.626
1.5	    ,368.53
1.501	,368.434
1.502	,368.338
1.503	,368.243
1.504	,368.147
1.505	,368.049
1.506	,367.95
1.507	,367.855
1.508	,367.759
1.509	,367.664
1.51	,367.57
1.511	,367.475
1.512	,367.379
1.513	,367.282
1.514	,367.184
1.515	,367.089
1.516	,366.995
1.517	,366.901
1.518	,366.806
1.519	,366.712
1.52	,366.618
1.521	,366.521
1.522	,366.424
1.523	,366.33
1.524	,366.235
1.525	,366.142
1.526	,366.048
1.527	,365.955
1.528	,365.861
1.529	,365.768
1.53	,365.675
1.531	,365.578
1.532	,365.482
1.533	,365.389
1.534	,365.296
1.535	,365.203
1.536	,365.11
1.537	,365.017
1.538	,364.924
1.539	,364.829
1.54	,364.733
1.541	,364.641
1.542	,364.549
1.543	,364.456
1.544	,364.364
1.545	,364.272
1.546	,364.18
1.547	,364.085
1.548	,363.99
1.549	,363.898
1.55	,363.806
1.551	,363.715
1.552	,363.624
1.553	,363.532
1.554	,363.44
1.555	,363.349
1.556	,363.258
1.557	,363.164
1.558	,363.07
1.559	,362.979
1.56	,362.888
1.561	,362.797
1.562	,362.706
1.563	,362.616
1.564	,362.525
1.565	,362.432
1.566	,362.339
1.567	,362.248
1.568	,362.158
1.569	,362.067
1.57	,361.977
1.571	,361.887
1.572	,361.797
1.573	,361.704
1.574	,361.611
1.575	,361.522
1.576	,361.432
1.577	,361.343
1.578	,361.253
1.579	,361.163
1.58	,361.074
1.581	,360.982
1.582	,360.89
1.583	,360.801
1.584	,360.711
1.585	,360.623
1.586	,360.534
1.587	,360.445
1.588	,360.356
1.589	,360.267
1.59	,360.178
1.591	,360.087
1.592	,359.996
1.593	,359.908
1.594	,359.819
1.595	,359.731
1.596	,359.643
1.597	,359.555
1.598	,359.466
1.599	,359.376
1.6	    ,359.285
1.601	,359.197
1.602	,359.11
1.603	,359.022
1.604	,358.934
1.605	,358.846
1.606	,358.758
1.607	,358.669
1.608	,358.579
1.609	,358.492
1.61	,358.404
1.611	,358.317
1.612	,358.23
1.613	,358.143
1.614	,358.056
1.615	,357.969
1.616	,357.882
1.617	,357.793
1.618	,357.704
1.619	,357.618
1.62	,357.531
1.621	,357.445
1.622	,357.359
1.623	,357.272
1.624	,357.186
1.625	,357.097
1.626	,357.008
1.627	,356.922
1.628	,356.837
1.629	,356.751
1.63	,356.665
1.631	,356.579
1.632	,356.494
1.633	,356.406
1.634	,356.317
1.635	,356.232
1.636	,356.146
1.637	,356.061
1.638	,355.976
1.639	,355.891
1.64	,355.806
1.641	,355.721
1.642	,355.636
1.643	,355.549
1.644	,355.461
1.645	,355.376
1.646	,355.291
1.647	,355.207
1.648	,355.123
1.649	,355.038
1.65	,354.953
1.651	,354.866
1.652	,354.779
1.653	,354.696
1.654	,354.612
1.655	,354.527
1.656	,354.443
1.657	,354.36
1.658	,354.276
1.659	,354.19
1.66	,354.103
1.661	,354.019
1.662	,353.936
1.663	,353.852
1.664	,353.769
1.665	,353.686
1.666	,353.602
1.667	,353.519
1.668	,353.436
1.669	,353.35
1.67	,353.265
1.671	,353.181
1.672	,353.098
1.673	,353.016
1.674	,352.933
1.675	,352.85
1.676	,352.767
1.677	,352.683
1.678	,352.598
1.679	,352.515
1.68	,352.433
1.681	,352.35
1.682	,352.268
1.683	,352.186
1.684	,352.104
1.685	,352.019
1.686	,351.935
1.687	,351.853
1.688	,351.771
1.689	,351.689
1.69	,351.607
1.691	,351.526
1.692	,351.444
1.693	,351.36
1.694	,351.276
1.695	,351.195
1.696	,351.113
1.697	,351.032
1.698	,350.95
1.699	,350.869
1.7	    ,350.788
1.701	,350.707
1.702	,350.626
1.703	,350.543
1.704	,350.46
1.705	,350.379
1.706	,350.298
1.707	,350.217
1.708	,350.137
1.709	,350.056
1.71	,349.976
1.711	,349.893
1.712	,349.81
1.713	,349.73
1.714	,349.65
1.715	,349.57
1.716	,349.489
1.717	,349.409
1.718	,349.329
1.719	,349.247
1.72	,349.165
1.721	,349.085
1.722	,349.005
1.723	,348.926
1.724	,348.846
1.725	,348.767
1.726	,348.687
1.727	,348.607
1.728	,348.528
1.729	,348.447
1.73	,348.365
1.731	,348.286
1.732	,348.206
1.733	,348.128
1.734	,348.049
1.735	,347.97
1.736	,347.891
1.737	,347.809
1.738	,347.728
1.739	,347.65
1.74	,347.571
1.741	,347.493
1.742	,347.414
1.743	,347.336
1.744	,347.257
1.745	,347.177
1.746	,347.096
1.747	,347.018
1.748	,346.939
1.749	,346.861
1.75	,346.784
1.751	,346.705
1.752	,346.627
1.753	,346.55
1.754	,346.472
1.755	,346.392
1.756	,346.312
1.757	,346.234
1.758	,346.156
1.759	,346.079
1.76	,346.002
1.761	,345.924
1.762	,345.847
1.763	,345.767
1.764	,345.687
1.765	,345.61
1.766	,345.534
1.767	,345.456
1.768	,345.379
1.769	,345.303
1.77	,345.226
1.771	,345.147
1.772	,345.068
1.773	,344.991
1.774	,344.914
1.775	,344.838
1.776	,344.761
1.777	,344.685
1.778	,344.609
1.779	,344.533
1.78	,344.458
1.781	,344.381
1.782	,344.303
1.783	,344.229
1.784	,344.155
1.785	,344.081
1.786	,344.008
1.787	,343.935
1.788	,343.863
1.789	,343.79
1.79	,343.718
1.791	,343.65
1.792	,343.583
1.793	,343.52
1.794	,343.456
1.795	,343.398
1.796	,343.341
1.797	,343.287
1.798	,343.234
1.799	,343.19
1.8	    ,343.146
1.801	,343.111
1.802	,343.075
1.803	,343.048
1.804	,343.021
1.805	,343.003
1.806	,342.985
1.807	,342.975
1.808	,342.966
1.809	,342.965
1.81	,342.965
1.811	,342.973
1.812	,342.981
1.813	,342.997
1.814	,343.013
1.815	,343.037
1.816	,343.061
1.817	,343.091
1.818	,343.122
1.819	,343.158
1.82	,343.194
1.821	,343.236
1.822	,343.277
1.823	,343.325
1.824	,343.372
1.825	,343.423
1.826	,343.473
1.827	,343.527
1.828	,343.58
1.829	,343.637
1.83	,343.694
1.831	,343.754
1.832	,343.814
1.833	,343.875
1.834	,343.936
1.835	,343.997
1.836	,344.059
1.837	,344.122
1.838	,344.184
1.839	,344.248
1.84	,344.311
1.841	,344.376
1.842	,344.441
1.843	,344.504
1.844	,344.567
1.845	,344.63
1.846	,344.692
1.847	,344.754
1.848	,344.816
1.849	,344.879
1.85	,344.942
1.851	,345.002
1.852	,345.062
1.853	,345.12
1.854	,345.179
1.855	,345.236
1.856	,345.294
1.857	,345.351
1.858	,345.408
1.859	,345.462
1.86	,345.516
1.861	,345.568
1.862	,345.621
1.863	,345.671
1.864	,345.722
1.865	,345.77
1.866	,345.819
1.867	,345.867
1.868	,345.915
1.869	,345.96
1.87	,346.004
1.871	,346.047
1.872	,346.089
1.873	,346.13
1.874	,346.171
1.875	,346.211
1.876	,346.25
1.877	,346.287
1.878	,346.323
1.879	,346.358
1.88	,346.392
1.881	,346.424
1.882	,346.457
1.883	,346.488
1.884	,346.519
1.885	,346.548
1.886	,346.576
1.887	,346.602
1.888	,346.628
1.889	,346.653
1.89	,346.677
1.891	,346.699
1.892	,346.721
1.893	,346.742
1.894	,346.763
1.895	,346.782
1.896	,346.8
1.897	,346.816
1.898	,346.833
1.899	,346.847
1.9	    ,346.862
1.901	,346.875
1.902	,346.888
1.903	,346.898
1.904	,346.909
1.905	,346.918
1.906	,346.927
1.907	,346.934
1.908	,346.941
1.909	,346.947
1.91	,346.952
1.911	,346.956
1.912	,346.959
1.913	,346.961
1.914	,346.963
1.915	,346.964
1.916	,346.964
1.917	,346.962
1.918	,346.961
1.919	,346.958
1.92	,346.955
1.921	,346.95
1.922	,346.946
1.923	,346.94
1.924	,346.934
1.925	,346.926
1.926	,346.918
1.927	,346.909
1.928	,346.9
1.929	,346.889
1.93	,346.878
1.931	,346.866
1.932	,346.854
1.933	,346.841
1.934	,346.827
1.935	,346.812
1.936	,346.797
1.937	,346.781
1.938	,346.765
1.939	,346.747
1.94	,346.73
1.941	,346.711
1.942	,346.692
1.943	,346.672
1.944	,346.651
1.945	,346.63
1.946	,346.609
1.947	,346.587
1.948	,346.564
1.949	,346.541
1.95	,346.517
1.951	,346.492
1.952	,346.468
1.953	,346.441
1.954	,346.415
1.955	,346.388
1.956	,346.361
1.957	,346.333
1.958	,346.305
1.959	,346.276
1.96	,346.247
1.961	,346.216
1.962	,346.185
1.963	,346.154
1.964	,346.123
1.965	,346.091
1.966	,346.059
1.967	,346.026
1.968	,345.993
1.969	,345.958
1.97	,345.923
1.971	,345.888
1.972	,345.853
1.973	,345.819
1.974	,345.809
1.975	,345.809
1.976	,345.809
1.977	,345.809
1.978	,345.809
1.979	,345.809
1.98	,345.809
1.981	,345.809
1.982	,345.809
1.983	,345.809
1.984	,345.809
1.985	,345.809
1.986	,345.809
1.987	,345.809
1.988	,345.809
1.989	,345.809
1.99	,345.809
1.991	,345.809
1.992	,345.809
1.993	,345.809
1.994	,345.809
1.995	,345.809
1.996	,345.809
1.997	,345.809
1.998	,345.809
1.999	,345.809
2	    ,345.809