0	0
0.0001	0
0.0002	0
0.0003	0
0.0004	0
0.0005	0
0.0006	0
0.0007	0
0.0008	0
0.0009	0
0.001	0
0.0011	0
0.0012	0
0.0013	0
0.0014	0
0.0015	0
0.0016	0
0.0017	0
0.0018	0
0.0019	0
0.002	0
0.0021	0
0.0022	0
0.0023	0
0.0024	0
0.0025	0
0.0026	0
0.0027	0
0.0028	0
0.0029	0
0.003	0
0.0031	0
0.0032	0
0.0033	0
0.0034	0
0.0035	0
0.0036	0
0.0037	0
0.0038	0
0.0039	0
0.004	0
0.0041	0
0.0042	0
0.0043	0
0.0044	0
0.0045	0
0.0046	0
0.0047	0
0.0048	0
0.0049	0
0.005	0
0.0051	0
0.0052	0
0.0053	0
0.0054	0
0.0055	0
0.0056	0
0.0057	0
0.0058	0
0.0059	0
0.006	0
0.0061	0
0.0062	0
0.0063	0
0.0064	0
0.0065	0
0.0066	0
0.0067	0
0.0068	0
0.0069	0
0.007	0
0.0071	0
0.0072	0
0.0073	0
0.0074	0
0.0075	0
0.0076	0
0.0077	0
0.0078	0
0.0079	0
0.008	0
0.0081	0
0.0082	0
0.0083	0
0.0084	0
0.0085	0
0.0086	0
0.0087	0
0.0088	0
0.0089	0
0.009	0
0.0091	0
0.0092	0
0.0093	0
0.0094	0
0.0095	0
0.0096	0
0.0097	0
0.0098	0
0.0099	0
0.01	0
0.0101	0
0.0102	0
0.0103	0
0.0104	0
0.0105	0
0.0106	0
0.0107	0
0.0108	0
0.0109	0
0.011	0
0.0111	0
0.0112	0
0.0113	0
0.0114	0
0.0115	0
0.0116	0
0.0117	0
0.0118	0
0.0119	0
0.012	0
0.0121	0.107755
0.0122	0.200558
0.0123	0.27995
0.0124	0.349402
0.0125	0.409098
0.0126	0.462101
0.0127	0.507779
0.0128	0.548874
0.0129	0.584428
0.013	0.616819
0.0131	0.644938
0.0132	0.670846
0.0133	0.693372
0.0134	0.714264
0.0135	0.732639
0.0136	0.749694
0.0137	0.764846
0.0138	0.817131
0.0139	0.913493
0.014	0.951536
0.0141	0.951536
0.0142	0.951536
0.0143	0.951536
0.0144	0.951536
0.0145	0.951536
0.0146	0.951536
0.0147	0.951536
0.0148	0.951536
0.0149	0.951536
0.015	0.951536
0.0151	0.951536
0.0152	0.951536
0.0153	0.951536
0.0154	0.951536
0.0155	0.951536
0.0156	0.951536
0.0157	0.951536
0.0158	0.951536
0.0159	0.951536
0.016	0.951536
0.0161	0.951536
0.0162	0.951536
0.0163	0.951536
0.0164	0.951536
0.0165	0.951536
0.0166	0.951536
0.0167	0.951536
0.0168	0.951536
0.0169	0.951536
0.017	0.951536
0.0171	0.951536
0.0172	0.951536
0.0173	0.951536
0.0174	0.951536
0.0175	0.951536
0.0176	0.951536
0.0177	0.951536
0.0178	0.951536
0.0179	0.951536
0.018	0.951536
0.0181	0.951536
0.0182	0.951536
0.0183	0.951536
0.0184	0.951536
0.0185	0.951536
0.0186	0.951536
0.0187	0.951536
0.0188	0.951536
0.0189	0.951536
0.019	0.951536
0.0191	0.951536
0.0192	0.951536
0.0193	0.951536
0.0194	0.951536
0.0195	0.951536
0.0196	0.951536
0.0197	0.951536
0.0198	0.951536
0.0199	0.951536
0.02	0.951536
0.0201	0.951536
0.0202	0.951536
0.0203	0.951536
0.0204	0.951536
0.0205	0.951536
0.0206	0.951047
0.0207	0.949822
0.0208	0.94858
0.0209	0
0.021	0
0.0211	0
0.0212	0
0.0213	0
0.0214	0
0.0215	0
0.0216	0
0.0217	0
0.0218	0
0.0219	0
0.022	0
0.0221	0
0.0222	0
0.0223	0
0.0224	0
0.0225	0
0.0226	0
0.0227	0
0.0228	0
0.0229	0
0.023	0
0.0231	0
0.0232	0
0.0233	0
0.0234	0
0.0235	0
0.0236	0
0.0237	0
0.0238	0
0.0239	0
0.024	0
0.0241	0
0.0242	0
0.0243	0
0.0244	0
0.0245	0
0.0246	0
0.0247	0
0.0248	0
0.0249	0
0.025	0
0.0251	0
0.0252	0
0.0253	0
0.0254	0
0.0255	0
0.0256	0
0.0257	0
0.0258	0
0.0259	0
0.026	0
0.0261	0
0.0262	0
0.0263	0
0.0264	0
0.0265	0
0.0266	0
0.0267	0
0.0268	0
0.0269	0
0.027	0
0.0271	0
0.0272	0
0.0273	0
0.0274	0
0.0275	0
0.0276	0
0.0277	0
0.0278	0
0.0279	0
0.028	0.18102
0.0281	0.301469
0.0282	0.390105
0.0283	0.451389
0.0284	0.500524
0.0285	0.535713
0.0286	0.565986
0.0287	0.588466
0.0288	0.608883
0.0289	0.624627
0.029	0.639474
0.0291	0.651445
0.0292	0.662897
0.0293	0.67268
0.0294	0.682039
0.0295	0.690395
0.0296	0.698402
0.0297	0.705781
0.0298	0.712867
0.0299	0.719533
0.03	0.725958
0.0301	0.732096
0.0302	0.738026
0.0303	0.743739
0.0304	0.749274
0.0305	0.754641
0.0306	0.759852
0.0307	0.764926
0.0308	0.769858
0.0309	0.774671
0.031	0.779358
0.0311	0.783938
0.0312	0.788398
0.0313	0.79276
0.0314	0.797012
0.0315	0.801175
0.0316	0.805234
0.0317	0.809208
0.0318	0.813082
0.0319	0.816875
0.032	0.820574
0.0321	0.824194
0.0322	0.827727
0.0323	0.831183
0.0324	0.834555
0.0325	0.837853
0.0326	0.841074
0.0327	0.84422
0.0328	0.847291
0.0329	0.850291
0.033	0.853221
0.0331	0.856082
0.0332	0.858879
0.0333	0.861607
0.0334	0.864275
0.0335	0.866876
0.0336	0.869421
0.0337	0.871899
0.0338	0.874325
0.0339	0.87665
0.034	0.878923
0.0341	0.879468
0.0342	0.879856
0.0343	0.879856
0.0344	0.879856
0.0345	0.879856
0.0346	0.879856
0.0347	0.878663
0.0348	0.876662
0.0349	0.874646
0.035	0.872613
0.0351	0.870564
0.0352	0.868498
0.0353	0.868498
0.0354	0.868498
0.0355	0.868498
0.0356	0.868498
0.0357	0.868498
0.0358	0.868498
0.0359	0.868498
0.036	0.868498
0.0361	0.868498
0.0362	0.868498
0.0363	0.868498
0.0364	0.868498
0.0365	0.868498
0.0366	0.868498
0.0367	0.868498
0.0368	0.868498
0.0369	0.868498
0.037	0.868498
0.0371	0.868498
0.0372	0.868498
0.0373	0.868498
0.0374	0.868498
0.0375	0.868498
0.0376	0.868498
0.0377	0.868498
0.0378	0.868498
0.0379	0.868498
0.038	0.868498
0.0381	0.868498
0.0382	0.868498
0.0383	0.868498
0.0384	0.868498
0.0385	0.868498
0.0386	0.868498
0.0387	0.868498
0.0388	0.868498
0.0389	0.868498
0.039	0.868498
0.0391	0.868498
0.0392	0.868498
0.0393	0.868498
0.0394	0.868498
0.0395	0.868498
0.0396	0.868498
0.0397	0.868498
0.0398	0.868498
0.0399	0.868498
0.04	0.868498
0.0401	0.868498
0.0402	0.868498
0.0403	0.868498
0.0404	0.868498
0.0405	0.868498
0.0406	0.868498
0.0407	0.868498
0.0408	0.868498
0.0409	0.868498
0.041	0.868498
0.0411	0.868498
0.0412	0.868498
0.0413	0.868498
0.0414	0.868498
0.0415	0.868498
0.0416	0.868498
0.0417	0.868498
0.0418	0.868498
0.0419	0.868498
0.042	0.868498
0.0421	0.868498
0.0422	0.868498
0.0423	0.868498
0.0424	0.868498
0.0425	0.868498
0.0426	0.868498
0.0427	0.868498
0.0428	0.868498
0.0429	0.868498
0.043	0.868498
0.0431	0.868498
0.0432	0.868498
0.0433	0.868498
0.0434	0.868498
0.0435	0.868498
0.0436	0.868498
0.0437	0.868498
0.0438	0.868498
0.0439	0.868498
0.044	0.868498
0.0441	0.868498
0.0442	0.868498
0.0443	0.868498
0.0444	0.868498
0.0445	0.868498
0.0446	0.868498
0.0447	0.868498
0.0448	0.868498
0.0449	0.868498
0.045	0.868498
0.0451	0.868498
0.0452	0.868498
0.0453	0.868498
0.0454	0.868498
0.0455	0.868498
0.0456	0.868498
0.0457	0.868498
0.0458	0.868498
0.0459	0.868498
0.046	0.868498
0.0461	0.868498
0.0462	0.868498
0.0463	0.868498
0.0464	0.868498
0.0465	0.868498
0.0466	0.868498
0.0467	0.868498
0.0468	0.868498
0.0469	0.868498
0.047	0.868498
0.0471	0.868498
0.0472	0.868498
0.0473	0.868498
0.0474	0.868498
0.0475	0.868498
0.0476	0.868498
0.0477	0.868498
0.0478	0.868498
0.0479	0.868498
0.048	0.868498
0.0481	0.868498
0.0482	0.868498
0.0483	0.868498
0.0484	0.868498
0.0485	0.868498
0.0486	0.868498
0.0487	0.868498
0.0488	0.867548
0.0489	0.866015
0.049	0.864161
0.0491	0.862108
0.0492	0.859977
0.0493	0.85783
0.0494	0.855666
0.0495	0.853487
0.0496	0.851293
0.0497	0.849082
0.0498	0.846856
0.0499	0.844615
0.05	0.842358
0.0501	0.842358
0.0502	0.842358
0.0503	0.842358
0.0504	0.842358
0.0505	0.842358
0.0506	0.842358
0.0507	0.842358
0.0508	0.842358
0.0509	0.842358
0.051	0.842358
0.0511	0.842358
0.0512	0.842358
0.0513	0.842358
0.0514	0.842358
0.0515	0.842358
0.0516	0.842358
0.0517	0.842358
0.0518	0.842358
0.0519	0.842358
0.052	0.842358
0.0521	0.842358
0.0522	0.842358
0.0523	0.842358
0.0524	0.842358
0.0525	0.842358
0.0526	0.842358
0.0527	0.842358
0.0528	0.842358
0.0529	0.842358
0.053	0.842358
0.0531	0.842358
0.0532	0.842358
0.0533	0.842358
0.0534	0.842358
0.0535	0.842358
0.0536	0.842358
0.0537	0.842358
0.0538	0.842358
0.0539	0.842358
0.054	0.842358
0.0541	0.842358
0.0542	0.842358
0.0543	0.842358
0.0544	0.842358
0.0545	0.842358
0.0546	0.842358
0.0547	0.842358
0.0548	0.842358
0.0549	0.842358
0.055	0.842358
0.0551	0.842358
0.0552	0.842358
0.0553	0.842358
0.0554	0.842358
0.0555	0.842358
0.0556	0.842358
0.0557	0.842358
0.0558	0.842358
0.0559	0.842358
0.056	0.842358
0.0561	0.842358
0.0562	0.842358
0.0563	0.842358
0.0564	0.842358
0.0565	0.842358
0.0566	0.842358
0.0567	0.842358
0.0568	0.842358
0.0569	0.842358
0.057	0.842358
0.0571	0.842358
0.0572	0.842358
0.0573	0.842358
0.0574	0.842358
0.0575	0.842358
0.0576	0.842358
0.0577	0.842358
0.0578	0.842358
0.0579	0.842358
0.058	0.842358
0.0581	0.842358
0.0582	0.842358
0.0583	0.842358
0.0584	0.842358
0.0585	0.842358
0.0586	0.842358
0.0587	0.842358
0.0588	0.842358
0.0589	0.842358
0.059	0.842358
0.0591	0.842358
0.0592	0.842358
0.0593	0.842358
0.0594	0.842358
0.0595	0.842358
0.0596	0.842358
0.0597	0.842358
0.0598	0.842358
0.0599	0.842358
0.06	0.842358
0.0601	0.842358
0.0602	0.842358
0.0603	0.842358
0.0604	0.842358
0.0605	0.842358
0.0606	0.842358
0.0607	0.842358
0.0608	0.842358
0.0609	0.842358
0.061	0.842358
0.0611	0.842358
0.0612	0.842358
0.0613	0.842358
0.0614	0.842358
0.0615	0.842358
0.0616	0.842358
0.0617	0.842358
0.0618	0.842358
0.0619	0.842358
0.062	0.842358
0.0621	0.842358
0.0622	0.842358
0.0623	0.842358
0.0624	0.842358
0.0625	0.842358
0.0626	0.842358
0.0627	0.842358
0.0628	0.842358
0.0629	0.842358
0.063	0.842358
0.0631	0.842358
0.0632	0.842358
0.0633	0.842358
0.0634	0.842358
0.0635	0.842358
0.0636	0.842358
0.0637	0.841861
0.0638	0.84108
0.0639	0.840102
0.064	0.838993
0.0641	0.83778
0.0642	0.836491
0.0643	0.835142
0.0644	0.833747
0.0645	0.832315
0.0646	0.830855
0.0647	0.829374
0.0648	0.827877
0.0649	0.826369
0.065	0.824853
0.0651	0.824853
0.0652	0.824853
0.0653	0.824853
0.0654	0.824853
0.0655	0.824853
0.0656	0.824853
0.0657	0.824853
0.0658	0.824853
0.0659	0.824853
0.066	0.824853
0.0661	0.824853
0.0662	0.824853
0.0663	0.824853
0.0664	0.824853
0.0665	0.824853
0.0666	0.824853
0.0667	0.824853
0.0668	0.824853
0.0669	0.824853
0.067	0.824853
0.0671	0.824853
0.0672	0.824853
0.0673	0.824853
0.0674	0.824853
0.0675	0.824853
0.0676	0.824853
0.0677	0.824853
0.0678	0.824853
0.0679	0.824853
0.068	0.824853
0.0681	0.824853
0.0682	0.824853
0.0683	0.824853
0.0684	0.824853
0.0685	0.824853
0.0686	0.824853
0.0687	0.824853
0.0688	0.824853
0.0689	0.824853
0.069	0.824853
0.0691	0.824853
0.0692	0.824853
0.0693	0.824853
0.0694	0.824853
0.0695	0.824853
0.0696	0.824853
0.0697	0.824853
0.0698	0.824853
0.0699	0.824853
0.07	0.824853
0.0701	0.824853
0.0702	0.824853
0.0703	0.824853
0.0704	0.824853
0.0705	0.824853
0.0706	0.824853
0.0707	0.824853
0.0708	0.824853
0.0709	0.824853
0.071	0.824853
0.0711	0.824853
0.0712	0.824853
0.0713	0.824853
0.0714	0.824853
0.0715	0.824853
0.0716	0.824853
0.0717	0.824853
0.0718	0.824853
0.0719	0.824853
0.072	0.824853
0.0721	0.824853
0.0722	0.824853
0.0723	0.824853
0.0724	0.824853
0.0725	0.824853
0.0726	0.824853
0.0727	0.824853
0.0728	0.824853
0.0729	0.824853
0.073	0.824853
0.0731	0.824853
0.0732	0.824853
0.0733	0.824853
0.0734	0.824853
0.0735	0.824853
0.0736	0.824853
0.0737	0.824853
0.0738	0.824853
0.0739	0.824853
0.074	0.824853
0.0741	0.824853
0.0742	0.824853
0.0743	0.824853
0.0744	0.824853
0.0745	0.824853
0.0746	0.824853
0.0747	0.824853
0.0748	0.824853
0.0749	0.824853
0.075	0.824853
0.0751	0.824853
0.0752	0.824853
0.0753	0.824853
0.0754	0.824853
0.0755	0.824853
0.0756	0.824853
0.0757	0.824853
0.0758	0.824853
0.0759	0.824853
0.076	0.824853
0.0761	0.824853
0.0762	0.824853
0.0763	0.824853
0.0764	0.824853
0.0765	0.824853
0.0766	0.824853
0.0767	0.824853
0.0768	0.824853
0.0769	0.824853
0.077	0.824853
0.0771	0.824853
0.0772	0.824853
0.0773	0.824853
0.0774	0.824853
0.0775	0.824853
0.0776	0.824853
0.0777	0.824853
0.0778	0.824853
0.0779	0.824853
0.078	0.824853
0.0781	0.824853
0.0782	0.824853
0.0783	0.824853
0.0784	0.824853
0.0785	0.824853
0.0786	0.824853
0.0787	0.824853
0.0788	0.824853
0.0789	0.824853
0.079	0.824853
0.0791	0.824853
0.0792	0.824853
0.0793	0.824853
0.0794	0.824853
0.0795	0.824853
0.0796	0.824853
0.0797	0.824853
0.0798	0.824853
0.0799	0.824853
0.08	0.824853
0.0801	0.824853
0.0802	0.824853
0.0803	0.824853
0.0804	0.824853
0.0805	0.824853
0.0806	0.824853
0.0807	0.824853
0.0808	0.824853
0.0809	0.824853
0.081	0.824853
0.0811	0.824853
0.0812	0.824853
0.0813	0.824853
0.0814	0.824853
0.0815	0.824853
0.0816	0.824853
0.0817	0.824853
0.0818	0.824853
0.0819	0.824853
0.082	0.824853
0.0821	0.824853
0.0822	0.824853
0.0823	0.824853
0.0824	0.824853
0.0825	0.824853
0.0826	0.824853
0.0827	0.824853
0.0828	0.824853
0.0829	0.824853
0.083	0.824853
0.0831	0.824853
0.0832	0.824853
0.0833	0.824853
0.0834	0.824853
0.0835	0.824853
0.0836	0.824853
0.0837	0.824853
0.0838	0.824853
0.0839	0.824853
0.084	0.824853
0.0841	0.824853
0.0842	0.824853
0.0843	0.824853
0.0844	0.824853
0.0845	0.824853
0.0846	0.824853
0.0847	0.824853
0.0848	0.824853
0.0849	0.824853
0.085	0.824853
0.0851	0.824853
0.0852	0.824853
0.0853	0.824853
0.0854	0.824853
0.0855	0.824853
0.0856	0.824853
0.0857	0.824853
0.0858	0.824853
0.0859	0.824853
0.086	0.824853
0.0861	0.824853
0.0862	0.824853
0.0863	0.824853
0.0864	0.824853
0.0865	0.824853
0.0866	0.824853
0.0867	0.824853
0.0868	0.824853
0.0869	0.824853
0.087	0.824853
0.0871	0.824853
0.0872	0.824853
0.0873	0.824853
0.0874	0.824853
0.0875	0.824853
0.0876	0.824853
0.0877	0.824853
0.0878	0.824853
0.0879	0.824853
0.088	0.824853
0.0881	0.824853
0.0882	0.824853
0.0883	0.824853
0.0884	0.824853
0.0885	0.824853
0.0886	0.824853
0.0887	0.824853
0.0888	0.824853
0.0889	0.824853
0.089	0.824853
0.0891	0.824853
0.0892	0.824853
0.0893	0.824853
0.0894	0.824853
0.0895	0.824853
0.0896	0.824853
0.0897	0.824853
0.0898	0.824853
0.0899	0.824853
0.09	0.824853
0.0901	0.824853
0.0902	0.824853
0.0903	0.824853
0.0904	0.824853
0.0905	0.824853
0.0906	0.824853
0.0907	0.824853
0.0908	0.824853
0.0909	0.824853
0.091	0.824853
0.0911	0.824853
0.0912	0.824853
0.0913	0.824853
0.0914	0.824853
0.0915	0.824853
0.0916	0.824853
0.0917	0.824853
0.0918	0.824853
0.0919	0.824853
0.092	0.824853
0.0921	0.824853
0.0922	0.824853
0.0923	0.824853
0.0924	0.824853
0.0925	0.824853
0.0926	0.824853
0.0927	0.824853
0.0928	0.824853
0.0929	0.824853
0.093	0.824853
0.0931	0.824853
0.0932	0.824853
0.0933	0.824853
0.0934	0.824853
0.0935	0.824853
0.0936	0.824853
0.0937	0.824853
0.0938	0.824853
0.0939	0.824853
0.094	0.824853
0.0941	0.824853
0.0942	0.824853
0.0943	0.824853
0.0944	0.824853
0.0945	0.824853
0.0946	0.824853
0.0947	0.824853
0.0948	0.824853
0.0949	0.824853
0.095	0.824853
0.0951	0.824853
0.0952	0.824853
0.0953	0.824853
0.0954	0.824853
0.0955	0.824853
0.0956	0.824853
0.0957	0.824853
0.0958	0.824853
0.0959	0.824853
0.096	0.824853
0.0961	0.824853
0.0962	0.824853
0.0963	0.824853
0.0964	0.824853
0.0965	0.824853
0.0966	0.824853
0.0967	0.824853
0.0968	0.824853
0.0969	0.824853
0.097	0.824853
0.0971	0.824853
0.0972	0.824853
0.0973	0.824853
0.0974	0.824853
0.0975	0.824853
0.0976	0.824853
0.0977	0.824853
0.0978	0.824853
0.0979	0.824853
0.098	0.824853
0.0981	0.824853
0.0982	0.824853
0.0983	0.824853
0.0984	0.824853
0.0985	0.824853
0.0986	0.824853
0.0987	0.824853
0.0988	0.824853
0.0989	0.824853
0.099	0.824853
0.0991	0.824853
0.0992	0.824853
0.0993	0.824853
0.0994	0.824853
0.0995	0.824853
0.0996	0.824853
0.0997	0.824853
0.0998	0.824853
0.0999	0.824853
0.1	0.824853
0.1001	0.824853
0.1002	0.824853
0.1003	0.824853
0.1004	0.824853
0.1005	0.824853
0.1006	0.824853
0.1007	0.824853
0.1008	0.824853
0.1009	0.824853
0.101	0.824853
0.1011	0.824853
0.1012	0.824853
0.1013	0.824853
0.1014	0.824853
0.1015	0.824853
0.1016	0.824853
0.1017	0.824853
0.1018	0.824853
0.1019	0.824853
0.102	0.824853
0.1021	0.824853
0.1022	0.824853
0.1023	0.824853
0.1024	0.824853
0.1025	0.824853
0.1026	0.824853
0.1027	0.824853
0.1028	0.824853
0.1029	0.824853
0.103	0.824853
0.1031	0.824853
0.1032	0.824853
0.1033	0.824853
0.1034	0.824853
0.1035	0.824853
0.1036	0.824853
0.1037	0.824853
0.1038	0.824853
0.1039	0.824853
0.104	0.824853
0.1041	0.824853
0.1042	0.824853
0.1043	0.824853
0.1044	0.824853
0.1045	0.824853
0.1046	0.824853
0.1047	0.824853
0.1048	0.824853
0.1049	0.824853
0.105	0.824853
0.1051	0.824853
0.1052	0.824853
0.1053	0.824853
0.1054	0.824853
0.1055	0.824853
0.1056	0.824853
0.1057	0.824853
0.1058	0.824853
0.1059	0.824853
0.106	0.824853
0.1061	0.824853
0.1062	0.824853
0.1063	0.824853
0.1064	0.824853
0.1065	0.824853
0.1066	0.824853
0.1067	0.824853
0.1068	0.824853
0.1069	0.824853
0.107	0.824853
0.1071	0.824853
0.1072	0.824853
0.1073	0.824853
0.1074	0.824853
0.1075	0.824853
0.1076	0.824853
0.1077	0.824853
0.1078	0.824853
0.1079	0.824853
0.108	0.824853
0.1081	0.824853
0.1082	0.824853
0.1083	0.824853
0.1084	0.824853
0.1085	0.824853
0.1086	0.824853
0.1087	0.824853
0.1088	0.824853
0.1089	0.824853
0.109	0.824853
0.1091	0.824853
0.1092	0.824853
0.1093	0.824853
0.1094	0.824853
0.1095	0.824853
0.1096	0.824853
0.1097	0.824853
0.1098	0.824853
0.1099	0.824853
0.11	0.824853
0.1101	0.824853
0.1102	0.824853
0.1103	0.824853
0.1104	0.824853
0.1105	0.824853
0.1106	0.824853
0.1107	0.824853
0.1108	0.824853
0.1109	0.824853
0.111	0.824853
0.1111	0.824853
0.1112	0.824853
0.1113	0.824853
0.1114	0.824853
0.1115	0.824853
0.1116	0.824853
0.1117	0.824853
0.1118	0.824853
0.1119	0.824853
0.112	0.824853
0.1121	0.824853
0.1122	0.824853
0.1123	0.824853
0.1124	0.824853
0.1125	0.824853
0.1126	0.824853
0.1127	0.824853
0.1128	0.824853
0.1129	0.824853
0.113	0.824853
0.1131	0.824853
0.1132	0.824853
0.1133	0.824853
0.1134	0.824853
0.1135	0.824853
0.1136	0.824853
0.1137	0.824853
0.1138	0.824853
0.1139	0.824853
0.114	0.824853
0.1141	0.824853
0.1142	0.824853
0.1143	0.824853
0.1144	0.824853
0.1145	0.824853
0.1146	0.824853
0.1147	0.824853
0.1148	0.824853
0.1149	0.824853
0.115	0.824853
0.1151	0.824853
0.1152	0.824853
0.1153	0.824853
0.1154	0.824853
0.1155	0.824853
0.1156	0.824853
0.1157	0.824853
0.1158	0.824853
0.1159	0.824853
0.116	0.824853
0.1161	0.824853
0.1162	0.824853
0.1163	0.824853
0.1164	0.824853
0.1165	0.824853
0.1166	0.824853
0.1167	0.824853
0.1168	0.824853
0.1169	0.824853
0.117	0.824853
0.1171	0.824853
0.1172	0.824853
0.1173	0.824853
0.1174	0.824853
0.1175	0.824853
0.1176	0.824853
0.1177	0.824853
0.1178	0.824853
0.1179	0.824853
0.118	0.824853
0.1181	0.824853
0.1182	0.824853
0.1183	0.824853
0.1184	0.824853
0.1185	0.824853
0.1186	0.824853
0.1187	0.824853
0.1188	0.824853
0.1189	0.824853
0.119	0.824853
0.1191	0.824853
0.1192	0.824853
0.1193	0.824853
0.1194	0.824853
0.1195	0.824853
0.1196	0.824853
0.1197	0.824853
0.1198	0.824853
0.1199	0.824853
0.12	0.824853
0.1201	0.824853
0.1202	0.824853
0.1203	0.824853
0.1204	0.824853
0.1205	0.824853
0.1206	0.824853
0.1207	0.824853
0.1208	0.824853
0.1209	0.824853
0.121	0.824853
0.1211	0.824853
0.1212	0.824853
0.1213	0.824853
0.1214	0.824853
0.1215	0.824853
0.1216	0.824853
0.1217	0.824853
0.1218	0.824853
0.1219	0.824853
0.122	0.824853
0.1221	0.824853
0.1222	0.824853
0.1223	0.824853
0.1224	0.824853
0.1225	0.824853
0.1226	0.824853
0.1227	0.824853
0.1228	0.824853
0.1229	0.824853
0.123	0.824853
0.1231	0.824853
0.1232	0.824853
0.1233	0.824853
0.1234	0.824853
0.1235	0.824853
0.1236	0.824853
0.1237	0.824853
0.1238	0.824853
0.1239	0.824853
0.124	0.824853
0.1241	0.824853
0.1242	0.824853
0.1243	0.824853
0.1244	0.824853
0.1245	0.824853
0.1246	0.824853
0.1247	0.824853
0.1248	0.824853
0.1249	0.824853
0.125	0.824853
0.1251	0.824853
0.1252	0.824853
0.1253	0.824853
0.1254	0.824853
0.1255	0.824853
0.1256	0.824853
0.1257	0.824853
0.1258	0.824853
0.1259	0.824853
0.126	0.824853
0.1261	0.824853
0.1262	0.824853
0.1263	0.824853
0.1264	0.824853
0.1265	0.824853
0.1266	0.824853
0.1267	0.824853
0.1268	0.824853
0.1269	0.824853
0.127	0.824853
0.1271	0.824853
0.1272	0.824853
0.1273	0.824853
0.1274	0.824853
0.1275	0.824853
0.1276	0.824853
0.1277	0.824853
0.1278	0.824853
0.1279	0.824853
0.128	0.824853
0.1281	0.824853
0.1282	0.824853
0.1283	0.824853
0.1284	0.824853
0.1285	0.824853
0.1286	0.824853
0.1287	0.824853
0.1288	0.824853
0.1289	0.824853
0.129	0.824853
0.1291	0.824853
0.1292	0.824853
0.1293	0.824853
0.1294	0.824853
0.1295	0.824853
0.1296	0.824853
0.1297	0.824853
0.1298	0.824853
0.1299	0.824853
0.13	0.824853
0.1301	0.824853
0.1302	0.824853
0.1303	0.824853
0.1304	0.824853
0.1305	0.824853
0.1306	0.824853
0.1307	0.824853
0.1308	0.824853
0.1309	0.824853
0.131	0.824853
0.1311	0.824853
0.1312	0.824853
0.1313	0.824853
0.1314	0.824853
0.1315	0.824853
0.1316	0.824853
0.1317	0.824853
0.1318	0.824853
0.1319	0.824853
0.132	0.824853
0.1321	0.824853
0.1322	0.824853
0.1323	0.824853
0.1324	0.824853
0.1325	0.824853
0.1326	0.824853
0.1327	0.824853
0.1328	0.824853
0.1329	0.824853
0.133	0.824853
0.1331	0.824853
0.1332	0.824853
0.1333	0.824853
0.1334	0.824853
0.1335	0.824853
0.1336	0.824853
0.1337	0.824853
0.1338	0.824853
0.1339	0.824853
0.134	0.824853
0.1341	0.824853
0.1342	0.824853
0.1343	0.824853
0.1344	0.824853
0.1345	0.824853
0.1346	0.824853
0.1347	0.824853
0.1348	0.824853
0.1349	0.824853
0.135	0.824853
0.1351	0.824853
0.1352	0.824853
0.1353	0.824853
0.1354	0.824853
0.1355	0.824853
0.1356	0.824853
0.1357	0.824853
0.1358	0.824853
0.1359	0.824853
0.136	0.824853
0.1361	0.824853
0.1362	0.824853
0.1363	0.824853
0.1364	0.824853
0.1365	0.824853
0.1366	0.824853
0.1367	0.824853
0.1368	0.824853
0.1369	0.824853
0.137	0.824853
0.1371	0.824853
0.1372	0.824853
0.1373	0.824853
0.1374	0.824853
0.1375	0.824853
0.1376	0.824853
0.1377	0.824853
0.1378	0.824853
0.1379	0.824853
0.138	0.824853
0.1381	0.824853
0.1382	0.824853
0.1383	0.824853
0.1384	0.824853
0.1385	0.824853
0.1386	0.824853
0.1387	0.824853
0.1388	0.824853
0.1389	0.824853
0.139	0.824853
0.1391	0.824853
0.1392	0.824853
0.1393	0.824853
0.1394	0.824853
0.1395	0.824853
0.1396	0.824853
0.1397	0.824853
0.1398	0.824853
0.1399	0.824853
0.14	0.824853
0.1401	0.824853
0.1402	0.824853
0.1403	0.824853
0.1404	0.824853
0.1405	0.824853
0.1406	0.824853
0.1407	0.824853
0.1408	0.824853
0.1409	0.824853
0.141	0.824853
0.1411	0.824853
0.1412	0.824853
0.1413	0.824853
0.1414	0.824853
0.1415	0.824853
0.1416	0.824853
0.1417	0.824853
0.1418	0.824853
0.1419	0.824853
0.142	0.824853
0.1421	0.824853
0.1422	0.824853
0.1423	0.824853
0.1424	0.824853
0.1425	0.824853
0.1426	0.824853
0.1427	0.824853
0.1428	0.824853
0.1429	0.824853
0.143	0.824853
0.1431	0.824853
0.1432	0.824853
0.1433	0.824853
0.1434	0.824853
0.1435	0.824853
0.1436	0.824853
0.1437	0.824853
0.1438	0.824853
0.1439	0.824853
0.144	0.824853
0.1441	0.824853
0.1442	0.824853
0.1443	0.824853
0.1444	0.824853
0.1445	0.824853
0.1446	0.824853
0.1447	0.824853
0.1448	0.824853
0.1449	0.824853
0.145	0.824853
0.1451	0.824853
0.1452	0.824853
0.1453	0.824853
0.1454	0.824853
0.1455	0.824853
0.1456	0.824853
0.1457	0.824853
0.1458	0.824853
0.1459	0.824853
0.146	0.824853
0.1461	0.824853
0.1462	0.824853
0.1463	0.824853
0.1464	0.824853
0.1465	0.824853
0.1466	0.824853
0.1467	0.824853
0.1468	0.824853
0.1469	0.824853
0.147	0.824853
0.1471	0.824853
0.1472	0.824853
0.1473	0.824853
0.1474	0.824853
0.1475	0.824853
0.1476	0.824853
0.1477	0.824853
0.1478	0.824853
0.1479	0.824853
0.148	0.824853
0.1481	0.824853
0.1482	0.824853
0.1483	0.824853
0.1484	0.824853
0.1485	0.824853
0.1486	0.824853
0.1487	0.824853
0.1488	0.824853
0.1489	0.824853
0.149	0.824853
0.1491	0.824853
0.1492	0.824853
0.1493	0.824853
0.1494	0.824853
0.1495	0.824853
0.1496	0.824853
0.1497	0.824853
0.1498	0.824853
0.1499	0.824853
0.15	0.824853
0.1501	0.824853
0.1502	0.824853
0.1503	0.824853
0.1504	0.824853
0.1505	0.824853
0.1506	0.824853
0.1507	0.824853
0.1508	0.824853
0.1509	0.824853
0.151	0.824853
0.1511	0.824853
0.1512	0.824853
0.1513	0.824853
0.1514	0.824853
0.1515	0.824853
0.1516	0.824853
0.1517	0.824853
0.1518	0.824853
0.1519	0.824853
0.152	0.824853
0.1521	0.824853
0.1522	0.824853
0.1523	0.824853
0.1524	0.824853
0.1525	0.824853
0.1526	0.824853
0.1527	0.824853
0.1528	0.824853
0.1529	0.824853
0.153	0.824853
0.1531	0.824853
0.1532	0.824853
0.1533	0.824853
0.1534	0.824853
0.1535	0.824853
0.1536	0.824853
0.1537	0.824853
0.1538	0.824853
0.1539	0.824853
0.154	0.824853
0.1541	0.824853
0.1542	0.824853
0.1543	0.824853
0.1544	0.824853
0.1545	0.824853
0.1546	0.824853
0.1547	0.824853
0.1548	0.824853
0.1549	0.824853
0.155	0.824853
0.1551	0.824853
0.1552	0.824853
0.1553	0.824853
0.1554	0.824853
0.1555	0.824853
0.1556	0.824853
0.1557	0.824853
0.1558	0.824853
0.1559	0.824853
0.156	0.824853
0.1561	0.824853
0.1562	0.824853
0.1563	0.824853
0.1564	0.824853
0.1565	0.824853
0.1566	0.824853
0.1567	0.824853
0.1568	0.824853
0.1569	0.824853
0.157	0.824853
0.1571	0.824853
0.1572	0.824853
0.1573	0.824853
0.1574	0.824853
0.1575	0.824853
0.1576	0.824853
0.1577	0.824853
0.1578	0.824853
0.1579	0.824853
0.158	0.824853
0.1581	0.824853
0.1582	0.824853
0.1583	0.824853
0.1584	0.824853
0.1585	0.824853
0.1586	0.824853
0.1587	0.824853
0.1588	0.824853
0.1589	0.824853
0.159	0.824853
0.1591	0.824853
0.1592	0.824853
0.1593	0.824853
0.1594	0.824853
0.1595	0.824853
0.1596	0.824853
0.1597	0.824853
0.1598	0.824853
0.1599	0.824853
0.16	0.824853
0.1601	0.824853
0.1602	0.824853
0.1603	0.824853
0.1604	0.824853
0.1605	0.824853
0.1606	0.824853
0.1607	0.824853
0.1608	0.824853
0.1609	0.824853
0.161	0.824853
0.1611	0.824853
0.1612	0.824853
0.1613	0.824853
0.1614	0.824853
0.1615	0.824853
0.1616	0.824853
0.1617	0.824853
0.1618	0.824853
0.1619	0.824853
0.162	0.824853
0.1621	0.824853
0.1622	0.824853
0.1623	0.824853
0.1624	0.824853
0.1625	0.824853
0.1626	0.824853
0.1627	0.824853
0.1628	0.824853
0.1629	0.824853
0.163	0.824853
0.1631	0.824853
0.1632	0.824853
0.1633	0.824853
0.1634	0.824853
0.1635	0.824853
0.1636	0.824853
0.1637	0.824853
0.1638	0.824853
0.1639	0.824853
0.164	0.824853
0.1641	0.824853
0.1642	0.824853
0.1643	0.824853
0.1644	0.824853
0.1645	0.824853
0.1646	0.824853
0.1647	0.824853
0.1648	0.824853
0.1649	0.824853
0.165	0.824853
0.1651	0.824853
0.1652	0.824853
0.1653	0.824853
0.1654	0.824853
0.1655	0.824853
0.1656	0.824853
0.1657	0.824853
0.1658	0.824853
0.1659	0.824853
0.166	0.824853
0.1661	0.824853
0.1662	0.824853
0.1663	0.824853
0.1664	0.824853
0.1665	0.824853
0.1666	0.824853
0.1667	0.824853
0.1668	0.824853
0.1669	0.824853
0.167	0.824853
0.1671	0.824853
0.1672	0.824853
0.1673	0.824853
0.1674	0.824853
0.1675	0.824853
0.1676	0.824853
0.1677	0.824853
0.1678	0.824853
0.1679	0.824853
0.168	0.824853
0.1681	0.824853
0.1682	0.824853
0.1683	0.824853
0.1684	0.824853
0.1685	0.824853
0.1686	0.824853
0.1687	0.824853
0.1688	0.824853
0.1689	0.824853
0.169	0.824853
0.1691	0.824853
0.1692	0.824853
0.1693	0.824853
0.1694	0.824853
0.1695	0.824853
0.1696	0.824853
0.1697	0.824853
0.1698	0.824853
0.1699	0.824853
0.17	0.824853
0.1701	0.824853
0.1702	0.824853
0.1703	0.824853
0.1704	0.824853
0.1705	0.824853
0.1706	0.824853
0.1707	0.824853
0.1708	0.824853
0.1709	0.824853
0.171	0.824853
0.1711	0.824853
0.1712	0.824853
0.1713	0.824853
0.1714	0.824853
0.1715	0.824853
0.1716	0.824853
0.1717	0.824853
0.1718	0.824853
0.1719	0.824853
0.172	0.824853
0.1721	0.824853
0.1722	0.824853
0.1723	0.824853
0.1724	0.824853
0.1725	0.824853
0.1726	0.824853
0.1727	0.824853
0.1728	0.824853
0.1729	0.824853
0.173	0.824853
0.1731	0.824853
0.1732	0.824853
0.1733	0.824853
0.1734	0.824853
0.1735	0.824853
0.1736	0.824853
0.1737	0.824853
0.1738	0.824853
0.1739	0.824853
0.174	0.824853
0.1741	0.824853
0.1742	0.824853
0.1743	0.824853
0.1744	0.824853
0.1745	0.824853
0.1746	0.824853
0.1747	0.824853
0.1748	0.824853
0.1749	0.824853
0.175	0.824853
0.1751	0.824853
0.1752	0.824853
0.1753	0.824853
0.1754	0.824853
0.1755	0.824853
0.1756	0.824853
0.1757	0.824853
0.1758	0.824853
0.1759	0.824853
0.176	0.824853
0.1761	0.824853
0.1762	0.824853
0.1763	0.824853
0.1764	0.824853
0.1765	0.824853
0.1766	0.824853
0.1767	0.824853
0.1768	0.824853
0.1769	0.824853
0.177	0.824853
0.1771	0.824853
0.1772	0.824853
0.1773	0.824853
0.1774	0.824853
0.1775	0.824853
0.1776	0.824853
0.1777	0.824853
0.1778	0.824853
0.1779	0.824853
0.178	0.824853
0.1781	0.824853
0.1782	0.824853
0.1783	0.824853
0.1784	0.824853
0.1785	0.824853
0.1786	0.824853
0.1787	0.824853
0.1788	0.824853
0.1789	0.824853
0.179	0.824853
0.1791	0.824853
0.1792	0.824853
0.1793	0.824853
0.1794	0.824853
0.1795	0.824853
0.1796	0.824853
0.1797	0.824853
0.1798	0.824853
0.1799	0.824853
0.18	0.824853
0.1801	0.824853
0.1802	0.824853
0.1803	0.824853
0.1804	0.824853
0.1805	0.824853
0.1806	0.824853
0.1807	0.824853
0.1808	0.824853
0.1809	0.824853
0.181	0.824853
0.1811	0.824853
0.1812	0.824853
0.1813	0.824853
0.1814	0.824853
0.1815	0.824853
0.1816	0.824853
0.1817	0.824853
0.1818	0.824853
0.1819	0.824853
0.182	0.824853
0.1821	0.824853
0.1822	0.824853
0.1823	0.824853
0.1824	0.824853
0.1825	0.824853
0.1826	0.824853
0.1827	0.824853
0.1828	0.824853
0.1829	0.824853
0.183	0.824853
0.1831	0.824853
0.1832	0.824853
0.1833	0.824853
0.1834	0.824853
0.1835	0.824853
0.1836	0.824853
0.1837	0.824853
0.1838	0.824853
0.1839	0.824853
0.184	0.824853
0.1841	0.824853
0.1842	0.824853
0.1843	0.824853
0.1844	0.824853
0.1845	0.824853
0.1846	0.824853
0.1847	0.824853
0.1848	0.824853
0.1849	0.824853
0.185	0.824853
0.1851	0.824853
0.1852	0.824853
0.1853	0.824853
0.1854	0.824853
0.1855	0.824853
0.1856	0.824853
0.1857	0.824853
0.1858	0.824853
0.1859	0.824853
0.186	0.824853
0.1861	0.824853
0.1862	0.824853
0.1863	0.824853
0.1864	0.824853
0.1865	0.824853
0.1866	0.824853
0.1867	0.824853
0.1868	0.824853
0.1869	0.824853
0.187	0.824853
0.1871	0.824853
0.1872	0.824853
0.1873	0.824853
0.1874	0.824853
0.1875	0.824853
0.1876	0.824853
0.1877	0.824853
0.1878	0.824853
0.1879	0.824853
0.188	0.824853
0.1881	0.824853
0.1882	0.824853
0.1883	0.824853
0.1884	0.824853
0.1885	0.824853
0.1886	0.824853
0.1887	0.824853
0.1888	0.824853
0.1889	0.824853
0.189	0.824853
0.1891	0.824853
0.1892	0.824853
0.1893	0.824853
0.1894	0.824853
0.1895	0.824853
0.1896	0.824853
0.1897	0.824853
0.1898	0.824853
0.1899	0.824853
0.19	0.824853
0.1901	0.824853
0.1902	0.824853
0.1903	0.824853
0.1904	0.824853
0.1905	0.824853
0.1906	0.824853
0.1907	0.824853
0.1908	0.824853
0.1909	0.824853
0.191	0.824853
0.1911	0.824853
0.1912	0.824853
0.1913	0.824853
0.1914	0.824853
0.1915	0.824853
0.1916	0.824853
0.1917	0.824853
0.1918	0.824853
0.1919	0.824853
0.192	0.824853
0.1921	0.824853
0.1922	0.824853
0.1923	0.824853
0.1924	0.824853
0.1925	0.824853
0.1926	0.824853
0.192661	0.824853
0.192661	0.824853
