0,25
0.000192661,25
0.000385321,25
0.000577982,25
0.000770642,25
0.000963303,25
0.00115596,25
0.00134862,25
0.00154128,25
0.00173394,25
0.00192661,25
0.00211927,25
0.00231193,25
0.00250459,25
0.00269725,25
0.00288991,25
0.00308257,25
0.00327523,25
0.00346789,25
0.00366055,25
0.00385321,25
0.00404587,25
0.00423853,25
0.00443119,25
0.00462385,25
0.00481651,25
0.00500917,25
0.00520183,25
0.0053945,25
0.00558716,25
0.00577982,25
0.00597248,24.9999
0.00616514,24.999
0.0063578,25.0097
0.00655046,25.3074
0.00674312,47.6512
0.00693578,2185.37
0.00712844,2534.42
0.0073211,1770.73
0.00751376,1537.15
0.00770642,1459.9
0.00789908,1396.4
0.00809174,1275.52
0.0082844,1130.25
0.00847706,1015.14
0.00866972,917.927
0.00886239,837.866
0.00905505,769.713
0.00924771,710.692
0.00944037,659.243
0.00963303,613.973
0.00982569,573.725
0.0100183,537.858
0.010211,505.931
0.0104037,477.612
0.0105963,452.374
0.010789,429.775
0.0109817,409.459
0.0111743,391.131
0.011367,374.537
0.0115596,359.462
0.0117523,345.721
0.011945,333.156
0.0121376,321.631
0.0123303,311.027
0.0125229,301.244
0.0127156,292.195
0.0129083,283.798
0.0131009,275.983
0.0132936,268.69
0.0134862,261.866
0.0136789,255.465
0.0138716,144.784
0.0140642,149.131
0.0142569,153.856
0.0144495,158.266
0.0146422,161.988
0.0148349,164.946
0.0150275,167.197
0.0152202,168.841
0.0154128,169.979
0.0156055,170.7
0.0157982,171.078
0.0159908,171.173
0.0161835,171.033
0.0163761,170.698
0.0165688,170.198
0.0167615,169.56
0.0169541,168.806
0.0171468,167.953
0.0173394,167.016
0.0175321,166.009
0.0177248,164.943
0.0179174,163.826
0.0181101,162.667
0.0183028,161.474
0.0184954,160.252
0.0186881,159.007
0.0188807,157.743
0.0190734,156.466
0.0192661,155.178
0.0194587,153.883
0.0196514,152.584
0.019844,151.285
0.0200367,150.013
0.0202294,150.791
0.020422,272.93
0.0206147,1483.27
0.0208073,1915.15
0.021,1734.24
0.0211927,1583.48
0.0213853,1478.78
0.021578,1423.68
0.0217706,1377.59
0.0219633,1325.59
0.022156,1269.62
0.0223486,1225.28
0.0225413,1166.56
0.0227339,1102.7
0.0229266,1040.72
0.0231193,982.745
0.0233119,930.184
0.0235046,882.195
0.0236972,838.293
0.0238899,798.097
0.0240826,761.229
0.0242752,727.5
0.0244679,696.462
0.0246606,667.772
0.0248532,641.127
0.0250459,616.352
0.0252385,593.279
0.0254312,571.737
0.0256239,551.595
0.0258165,532.745
0.0260092,515.105
0.0262018,498.577
0.0263945,483.096
0.0265872,468.575
0.0267798,454.943
0.0269725,442.127
0.0271651,430.062
0.0273578,418.688
0.0275505,374.75
0.0277431,341.562
0.0279358,319.606
0.0281284,305.177
0.0283211,295.405
0.0285138,288.476
0.0287064,283.293
0.0288991,279.196
0.0290917,275.786
0.0292844,272.817
0.0294771,270.136
0.0296697,267.646
0.0298624,265.285
0.030055,263.01
0.0302477,260.795
0.0304404,258.622
0.030633,256.479
0.0308257,254.357
0.0310183,252.252
0.031211,250.161
0.0314037,248.081
0.0315963,246.012
0.031789,243.953
0.0319817,241.905
0.0321743,239.869
0.032367,237.844
0.0325596,235.832
0.0327523,233.834
0.032945,231.851
0.0331376,229.883
0.0333303,227.93
0.0335229,225.995
0.0337156,224.077
0.0339083,222.212
0.0341009,221.891
0.0342936,264.749
0.0344862,558.027
0.0346789,972.204
0.0348716,1183
0.0350642,1235.53
0.0352569,1234.17
0.0354495,1217.59
0.0356422,1198.2
0.0358349,1178.65
0.0360275,1151.91
0.0362202,1126.16
0.0364128,1104.28
0.0366055,1083.74
0.0367982,1061.59
0.0369908,1039.34
0.0371835,1015.84
0.0373761,989.712
0.0375688,961.595
0.0377615,932.977
0.0379541,904.934
0.0381468,877.738
0.0383395,851.617
0.0385321,826.564
0.0387248,802.447
0.0389174,779.294
0.0391101,757.141
0.0393028,735.957
0.0394954,715.792
0.0396881,696.583
0.0398807,678.286
0.0400734,660.846
0.0402661,644.183
0.0404587,628.226
0.0406514,612.955
0.040844,598.333
0.0410367,584.311
0.0412294,570.868
0.041422,546.998
0.0416147,518.909
0.0418073,492.086
0.042,468.811
0.0421927,449.342
0.0423853,433.222
0.042578,419.831
0.0427706,408.588
0.0429633,399.014
0.043156,390.732
0.0433486,383.456
0.0435413,376.966
0.0437339,371.099
0.0439266,365.728
0.0441193,360.758
0.0443119,356.114
0.0445046,351.739
0.0446972,347.588
0.0448899,343.627
0.0450826,339.826
0.0452752,336.165
0.0454679,332.625
0.0456606,329.192
0.0458532,325.855
0.0460459,322.603
0.0462385,319.429
0.0464312,316.326
0.0466239,313.289
0.0468165,310.315
0.0470092,307.398
0.0472018,304.535
0.0473945,301.726
0.0475872,299.019
0.0477798,298.069
0.0479725,316.686
0.0481651,401.227
0.0483578,550.498
0.0485505,701.041
0.0487431,809.015
0.0489358,877.608
0.0491284,916.935
0.0493211,937.143
0.0495138,946.604
0.0497064,950.169
0.0498991,950.326
0.0500917,948.35
0.0502844,944.436
0.0504771,938.333
0.0506697,930.891
0.0508624,922.861
0.051055,914.409
0.0512477,905.66
0.0514404,896.357
0.051633,886.354
0.0518257,875.355
0.0520183,863.249
0.052211,850.177
0.0524037,836.551
0.0525963,822.605
0.052789,808.494
0.0529817,794.342
0.0531743,780.282
0.053367,766.414
0.0535596,752.784
0.0537523,739.391
0.053945,726.252
0.0541376,713.431
0.0543303,700.916
0.0545229,688.69
0.0547156,676.754
0.0549083,665.129
0.0551009,650.675
0.0552936,632.85
0.0554862,613.038
0.0556789,592.867
0.0558716,573.483
0.0560642,555.506
0.0562569,539.17
0.0564495,524.499
0.0566422,511.368
0.0568349,499.611
0.0570275,489.064
0.0572202,479.548
0.0574128,470.909
0.0576055,463.016
0.0577982,455.759
0.0579908,449.043
0.0581835,442.789
0.0583761,436.931
0.0585688,431.414
0.0587615,426.192
0.0589541,421.225
0.0591468,416.483
0.0593394,411.936
0.0595321,407.562
0.0597248,403.343
0.0599174,399.261
0.0601101,395.303
0.0603028,391.457
0.0604954,387.713
0.0606881,384.062
0.0608807,380.498
0.0610734,377.013
0.0612661,373.604
0.0614587,370.295
0.0616514,367.662
0.061844,369.804
0.0620367,388.228
0.0622294,432.215
0.062422,495.35
0.0626147,562.805
0.0628073,623.252
0.063,673.701
0.0631927,713.831
0.0633853,744.619
0.063578,767.681
0.0637706,784.849
0.0639633,797.264
0.064156,805.756
0.0643486,811.275
0.0645413,814.639
0.0647339,816.438
0.0649266,817.06
0.0651193,816.651
0.0653119,815.273
0.0655046,813.097
0.0656972,810.376
0.0658899,807.2
0.0660826,803.575
0.0662752,799.5
0.0664679,794.953
0.0666606,789.854
0.0668532,784.132
0.0670459,777.817
0.0672385,770.996
0.0674312,763.77
0.0676239,756.213
0.0678165,748.39
0.0680092,740.381
0.0682018,732.242
0.0683945,724.008
0.0685872,715.736
0.0687798,707.514
0.0689725,698.455
0.0691651,687.765
0.0693578,675.367
0.0695505,661.729
0.0697431,647.447
0.0699358,633.024
0.0701284,618.897
0.0703211,605.348
0.0705138,592.525
0.0707064,580.499
0.0708991,569.287
0.0710917,558.865
0.0712844,549.183
0.0714771,540.197
0.0716697,531.84
0.0718624,524.046
0.072055,516.757
0.0722477,509.919
0.0724404,503.483
0.072633,497.408
0.0728257,491.656
0.0730183,486.191
0.073211,480.981
0.0734037,476
0.0735963,471.223
0.073789,466.63
0.0739817,462.198
0.0741743,457.916
0.074367,453.768
0.0745596,449.745
0.0747523,445.835
0.074945,442.029
0.0751376,438.347
0.0753303,435.061
0.0755229,433.616
0.0757156,437.301
0.0759083,449.749
0.0761009,472.002
0.0762936,502.061
0.0764862,535.891
0.0766789,569.801
0.0768716,601.185
0.0770642,628.888
0.0772569,652.537
0.0774495,672.311
0.0776422,688.751
0.0778349,702.25
0.0780275,713.246
0.0782202,722.141
0.0784128,729.287
0.0786055,734.972
0.0787982,739.389
0.0789908,742.671
0.0791835,744.963
0.0793761,746.416
0.0795688,747.174
0.0797615,747.362
0.0799541,747.06
0.0801468,746.332
0.0803394,745.224
0.0805321,743.777
0.0807248,742.03
0.0809174,740.006
0.0811101,737.72
0.0813028,735.176
0.0814954,732.368
0.0816881,729.278
0.0818807,725.891
0.0820734,722.199
0.0822661,718.207
0.0824587,713.946
0.0826514,709.234
0.082844,703.768
0.0830367,697.285
0.0832294,689.708
0.083422,681.134
0.0836147,671.79
0.0838073,661.965
0.084,651.923
0.0841927,641.881
0.0843853,631.971
0.084578,622.323
0.0847706,613.026
0.0849633,604.124
0.085156,595.626
0.0853486,587.531
0.0855413,579.837
0.0857339,572.53
0.0859266,565.589
0.0861193,558.992
0.0863119,552.72
0.0865046,546.751
0.0866973,541.058
0.0868899,535.618
0.0870826,530.411
0.0872752,525.416
0.0874679,520.617
0.0876606,515.997
0.0878532,511.541
0.0880459,507.234
0.0882385,503.065
0.0884312,499.024
0.0886239,495.102
0.0888165,491.289
0.0890092,487.587
0.0892018,484.066
0.0893945,481.092
0.0895872,479.579
0.0897798,480.924
0.0899725,486.391
0.0901651,496.391
0.0903578,510.332
0.0905505,527.032
0.0907431,545.148
0.0909358,563.516
0.0911284,581.267
0.0913211,597.86
0.0915138,613.004
0.0917064,626.601
0.0918991,638.674
0.0920917,649.29
0.0922844,658.55
0.0924771,666.569
0.0926697,673.448
0.0928624,679.277
0.093055,684.153
0.0932477,688.184
0.0934404,691.475
0.093633,694.125
0.0938257,696.221
0.0940183,697.837
0.094211,699.027
0.0944037,699.829
0.0945963,700.276
0.094789,700.4
0.0949816,700.235
0.0951743,699.818
0.095367,699.183
0.0955596,698.355
0.0957523,697.349
0.095945,696.174
0.0961376,694.844
0.0963303,693.367
0.0965229,691.687
0.0967156,689.67
0.0969083,687.144
0.0971009,683.981
0.0972936,680.121
0.0974862,675.571
0.0976789,670.394
0.0978716,664.697
0.0980642,658.602
0.0982569,652.243
0.0984495,645.721
0.0986422,639.125
0.0988349,632.519
0.0990275,625.951
0.0992202,619.49
0.0994128,613.174
0.0996055,607.026
0.0997982,601.059
0.0999908,595.281
0.100183,589.688
0.100376,584.278
0.100569,579.049
0.100761,573.997
0.100954,569.117
0.101147,564.401
0.101339,559.842
0.101532,555.434
0.101725,551.167
0.101917,547.029
0.10211,543.012
0.102303,539.109
0.102495,535.312
0.102688,531.622
0.102881,528.065
0.103073,524.762
0.103266,522.022
0.103459,520.36
0.103651,520.365
0.103844,522.494
0.104037,526.907
0.104229,533.447
0.104422,541.722
0.104615,551.213
0.104807,561.382
0.105,571.788
0.105193,582.099
0.105385,592.079
0.105578,601.554
0.105771,610.416
0.105963,618.571
0.106156,626.01
0.106349,632.742
0.106541,638.777
0.106734,644.138
0.106927,648.859
0.107119,652.983
0.107312,656.56
0.107505,659.641
0.107697,662.275
0.10789,664.509
0.108083,666.383
0.108275,667.935
0.108468,669.191
0.108661,670.174
0.108853,670.905
0.109046,671.403
0.109239,671.689
0.109431,671.784
0.109624,671.708
0.109817,671.479
0.110009,671.108
0.110202,670.604
0.110394,669.952
0.110587,669.107
0.11078,668.009
0.110972,666.592
0.111165,664.796
0.111358,662.589
0.11155,659.972
0.111743,656.969
0.111936,653.622
0.112128,649.991
0.112321,646.132
0.112514,642.091
0.112706,637.915
0.112899,633.645
0.113092,629.303
0.113284,624.926
0.113477,620.55
0.11367,616.198
0.113862,611.894
0.114055,607.648
0.114248,603.472
0.11444,599.371
0.114633,595.348
0.114826,591.406
0.115018,587.547
0.115211,583.766
0.115404,580.062
0.115596,576.439
0.115789,572.893
0.115982,569.425
0.116174,566.031
0.116367,562.708
0.11656,559.459
0.116752,556.29
0.116945,553.234
0.117138,550.375
0.11733,547.882
0.117523,545.999
0.117716,544.993
0.117908,545.084
0.118101,546.395
0.118294,548.933
0.118486,552.596
0.118679,557.199
0.118872,562.515
0.119064,568.314
0.119257,574.404
0.11945,580.616
0.119642,586.802
0.119835,592.842
0.120028,598.65
0.12022,604.169
0.120413,609.361
0.120606,614.201
0.120798,618.673
0.120991,622.752
0.121183,626.454
0.121376,629.796
0.121569,632.796
0.121761,635.476
0.121954,637.856
0.122147,639.955
0.122339,641.793
0.122532,643.39
0.122725,644.765
0.122917,645.935
0.12311,646.912
0.123303,647.709
0.123495,648.336
0.123688,648.804
0.123881,649.125
0.124073,649.31
0.124266,649.37
0.124459,649.312
0.124651,649.137
0.124844,648.834
0.125037,648.38
0.125229,647.745
0.125422,646.9
0.125615,645.822
0.125807,644.503
0.126,642.942
0.126193,641.147
0.126385,639.135
0.126578,636.924
0.126771,634.539
0.126963,632.002
0.127156,629.332
0.127349,626.546
0.127541,623.675
0.127734,620.741
0.127927,617.763
0.128119,614.758
0.128312,611.74
0.128505,608.721
0.128697,605.711
0.12889,602.716
0.129083,599.741
0.129275,596.791
0.129468,593.87
0.129661,590.979
0.129853,588.122
0.130046,585.3
0.130239,582.51
0.130431,579.756
0.130624,577.053
0.130817,574.435
0.131009,571.965
0.131202,569.741
0.131394,567.89
0.131587,566.541
0.13178,565.806
0.131972,565.759
0.132165,566.429
0.132358,567.794
0.13255,569.789
0.132743,572.32
0.132936,575.278
0.133128,578.557
0.133321,582.061
0.133514,585.703
0.133706,589.409
0.133899,593.114
0.134092,596.763
0.134284,600.313
0.134477,603.731
0.13467,606.991
0.134862,610.078
0.135055,612.979
0.135248,615.686
0.13544,618.196
0.135633,620.504
0.135826,622.612
0.136018,624.516
0.136211,626.225
0.136404,627.752
0.136596,629.105
0.136789,630.294
0.136982,631.331
0.137174,632.225
0.137367,632.985
0.13756,633.621
0.137752,634.14
0.137945,634.549
0.138138,634.852
0.13833,635.053
0.138523,635.157
0.138716,635.165
0.138908,635.079
0.139101,634.899
0.139294,634.62
0.139486,634.236
0.139679,633.74
0.139872,633.123
0.140064,632.376
0.140257,631.495
0.14045,630.474
0.140642,629.315
0.140835,628.017
0.141028,626.582
0.14122,625.022
0.141413,623.35
0.141606,621.578
0.141798,619.719
0.141991,617.787
0.142183,615.791
0.142376,613.743
0.142569,611.652
0.142761,609.526
0.142954,607.375
0.143147,605.207
0.143339,603.027
0.143532,600.839
0.143725,598.647
0.143917,596.453
0.14411,594.261
0.144303,592.075
0.144495,589.901
0.144688,587.75
0.144881,585.643
0.145073,583.617
0.145266,581.72
0.145459,580.016
0.145651,578.573
0.145844,577.456
0.146037,576.716
0.146229,576.385
0.146422,576.473
0.146615,576.967
0.146807,577.839
0.147,579.047
0.147193,580.544
0.147385,582.278
0.147578,584.201
0.147771,586.263
0.147963,588.421
0.148156,590.637
0.148349,592.878
0.148541,595.113
0.148734,597.318
0.148927,599.47
0.149119,601.553
0.149312,603.554
0.149505,605.462
0.149697,607.271
0.14989,608.973
0.150083,610.567
0.150275,612.049
0.150468,613.417
0.150661,614.671
0.150853,615.811
0.151046,616.839
0.151239,617.758
0.151431,618.572
0.151624,619.284
0.151817,619.899
0.152009,620.423
0.152202,620.859
0.152394,621.212
0.152587,621.487
0.15278,621.685
0.152972,621.809
0.153165,621.859
0.153358,621.834
0.15355,621.736
0.153743,621.563
0.153936,621.315
0.154128,620.99
0.154321,620.589
0.154514,620.109
0.154706,619.553
0.154899,618.918
0.155092,618.206
0.155284,617.416
0.155477,616.55
0.15567,615.609
0.155862,614.596
0.156055,613.514
0.156248,612.368
0.15644,611.16
0.156633,609.895
0.156826,608.578
0.157018,607.212
0.157211,605.802
0.157404,604.355
0.157596,602.874
0.157789,601.363
0.157982,599.826
0.158174,598.266
0.158367,596.691
0.15856,595.109
0.158752,593.535
0.158945,591.993
0.159138,590.512
0.15933,589.124
0.159523,587.869
0.159716,586.781
0.159908,585.892
0.160101,585.227
0.160294,584.8
0.160486,584.616
0.160679,584.672
0.160872,584.954
0.161064,585.444
0.161257,586.12
0.16145,586.958
0.161642,587.934
0.161835,589.023
0.162028,590.202
0.16222,591.449
0.162413,592.743
0.162606,594.066
0.162798,595.401
0.162991,596.734
0.163183,598.051
0.163376,599.339
0.163569,600.591
0.163761,601.796
0.163954,602.95
0.164147,604.047
0.164339,605.084
0.164532,606.057
0.164725,606.965
0.164917,607.807
0.16511,608.583
0.165303,609.293
0.165495,609.937
0.165688,610.516
0.165881,611.031
0.166073,611.481
0.166266,611.868
0.166459,612.192
0.166651,612.454
0.166844,612.655
0.167037,612.797
0.167229,612.88
0.167422,612.908
0.167615,612.881
0.167807,612.8
0.168,612.667
0.168193,612.482
0.168385,612.245
0.168578,611.955
0.168771,611.613
0.168963,611.22
0.169156,610.775
0.169349,610.279
0.169541,609.734
0.169734,609.141
0.169927,608.501
0.170119,607.815
0.170312,607.086
0.170505,606.314
0.170697,605.501
0.17089,604.648
0.171083,603.756
0.171275,602.83
0.171468,601.869
0.171661,600.876
0.171853,599.852
0.172046,598.799
0.172239,597.718
0.172431,596.613
0.172624,595.489
0.172817,594.352
0.173009,593.215
0.173202,592.092
0.173395,591.001
0.173587,589.962
0.17378,588.997
0.173972,588.126
0.174165,587.367
0.174358,586.735
0.17455,586.241
0.174743,585.89
0.174936,585.685
0.175128,585.623
0.175321,585.699
0.175514,585.903
0.175706,586.226
0.175899,586.654
0.176092,587.175
0.176284,587.774
0.176477,588.44
0.17667,589.157
0.176862,589.916
0.177055,590.703
0.177248,591.508
0.17744,592.323
0.177633,593.137
0.177826,593.945
0.178018,594.739
0.178211,595.513
0.178404,596.263
0.178596,596.984
0.178789,597.672
0.178982,598.326
0.179174,598.941
0.179367,599.516
0.17956,600.05
0.179752,600.542
0.179945,600.99
0.180138,601.395
0.18033,601.757
0.180523,602.076
0.180716,602.352
0.180908,602.585
0.181101,602.775
0.181294,602.924
0.181486,603.031
0.181679,603.095
0.181872,603.116
0.182064,603.094
0.182257,603.03
0.18245,602.924
0.182642,602.777
0.182835,602.589
0.183028,602.361
0.18322,602.095
0.183413,601.79
0.183606,601.449
0.183798,601.07
0.183991,600.656
0.184183,600.206
0.184376,599.722
0.184569,599.205
0.184761,598.654
0.184954,598.072
0.185147,597.458
0.185339,596.813
0.185532,596.139
0.185725,595.437
0.185917,594.707
0.186303,593.169
0.186495,592.366
0.186688,591.544
0.186881,590.71
0.187073,589.872
0.187266,589.041
0.187459,588.227
0.187651,587.445
0.187844,586.705
0.188037,586.022
0.188229,585.407
0.188422,584.87
0.188615,584.417
0.188807,584.056
0.189193,583.619
0.189385,583.541
0.189578,583.554
0.189771,583.652
0.189963,583.829
0.190156,584.077
0.190349,584.388
0.190541,584.755
0.190734,585.169
0.190927,585.623
0.191119,586.108
0.191312,586.617
0.191505,587.144
0.191697,587.683
0.19189,588.228
0.192083,588.774
0.192275,589.316
0.192468,589.851
0.192661,590.374