0	0
1	0
2	0
3	0
4	0
5	0
6	0
7	0
8	0
9	0
10	0
11	0
12	0
13	0
14	0
15	0
16	0
17	0
18	0
19	0
20	0
21	0
22	0
23	0
24	0
25	0
26	0
27	0
28	0
29	0
30	0
31	0
32	0
33	0
34	0
35	0
36	0
37	0
38	0
39	0
40	0
41	0
42	0
43	0
44	0
45	0
46	0
47	0
48	0
49	0
50	0
51	0
52	0
53	0
54	0
55	0
56	0
57	0
58	0
59	0
60	0
61	0
62	0
63	0
64	0
65	0
66	0
67	0
68	0
69	0
70	0
71	0
72	0
73	0
74	0
75	0
76	0
77	0
78	0
79	0
80	0
81	0
82	0
83	0
84	0
85	0
86	0
87	0
88	0
89	0
90	0
91	0
92	0
93	0
94	0
95	0
96	0
97	0
98	0
99	0
100	0
101	0
102	0
103	0
104	0
105	0
106	0
107	0
108	0
109	0
110	0
111	0
112	0
113	0
114	0
115	0
116	0
117	0
118	0
119	0
120	0
121	0
122	0
123	0
124	0
125	0
126	0
127	0
128	0
129	0
130	0
131	0
132	0
133	0
134	0
135	0
136	0
137	0
138	0
139	0
140	0
141	0
142	0
143	0
144	0
145	0
146	0
147	0
148	0
149	0
150	0
151	0
152	0
153	0
154	0
155	0
156	0
157	0
158	0
159	0
160	0
161	0
162	0
163	0
164	0
165	0
166	0
167	0
168	0
169	0
170	0
171	0
172	0
173	0
174	0
175	0
176	0
177	0
178	0
179	0
180	0
181	0
182	0
183	0
184	0
185	0
186	0
187	0
188	0
189	0
190	0
191	0
192	0
193	0
194	0
195	0
196	0
197	0
198	0
199	0
200	0
201	0
202	0
203	0
204	0
205	0
206	0
207	0
208	0
209	0
210	0
211	0
212	0
213	0
214	0
215	0
216	0
217	0
218	0
219	0
220	0
221	0
222	0
223	0
224	0
225	0
226	0
227	0
228	0
229	0
230	0
231	0
232	0
233	1.24E-06
234	3.80E-06
235	7.72E-06
236	1.31E-05
237	1.98E-05
238	2.81E-05
239	3.80E-05
240	4.94E-05
241	6.25E-05
242	7.73E-05
243	9.39E-05
244	1.12E-04
245	1.32E-04
246	1.55E-04
247	1.79E-04
248	2.05E-04
249	2.33E-04
250	2.64E-04
250	2.64E-04
251	2.99E-04
252	2.99E-04
253	2.99E-04
254	2.99E-04
255	2.99E-04
256	2.99E-04
257	2.99E-04
258	2.99E-04
259	2.99E-04
260	2.99E-04
261	2.99E-04
262	2.99E-04
263	2.99E-04
264	2.99E-04
265	2.99E-04
266	2.99E-04
267	2.99E-04
268	2.99E-04
269	2.99E-04
270	2.99E-04
271	2.99E-04
272	2.99E-04
273	2.99E-04
274	2.99E-04
275	2.99E-04
276	2.99E-04
277	2.99E-04
278	2.99E-04
279	2.99E-04
280	2.99E-04
281	2.99E-04
282	2.99E-04
283	2.99E-04
284	2.99E-04
285	2.99E-04
286	2.99E-04
287	2.99E-04
288	2.99E-04
289	0
290	0
291	0
292	0
293	0
294	0
295	0
296	0
297	0
298	0
299	0
300	0
301	0
302	0
303	0
304	0
305	0
306	0
307	0
308	0
309	0
310	0
311	0
312	0
313	0
314	0
315	0
316	0
317	0
318	0
319	0
320	0
321	0
322	0
323	0
324	0
325	0
326	0
327	0
328	0
329	0
330	0
331	0
332	0
333	0
334	0
335	0
336	0
337	0
338	0
339	0
340	0
341	0
342	0
343	0
344	0
345	0
346	0
347	0
348	0
349	0
350	9.76E-05
351	3.94E-04
352	1.43E-03
353	3.20E-03
354	5.83E-03
355	8.71E-03
356	1.19E-02
357	1.55E-02
358	1.96E-02
359	2.38E-02
360	2.83E-02
361	3.30E-02
362	3.78E-02
363	4.28E-02
364	4.76E-02
365	5.24E-02
366	5.70E-02
367	6.14E-02
368	6.58E-02
369	7.00E-02
370	7.00E-02
370	7.00E-02
370.1	7.00E-02
370.2	7.00E-02
370.3	7.00E-02
370.4	7.00E-02
370.5	7.00E-02
370.6	7.00E-02
370.7	7.00E-02
370.8	7.00E-02
370.9	7.00E-02
371	7.00E-02
371.1	7.00E-02
371.2	7.00E-02
371.3	7.00E-02
371.4	7.00E-02
371.5	7.00E-02
371.6	7.00E-02
371.7	7.00E-02
371.8	7.00E-02
371.9	7.00E-02
372	7.00E-02
372.1	7.00E-02
372.2	7.00E-02
372.3	7.00E-02
372.4	7.00E-02
372.5	7.00E-02
372.6	7.00E-02
372.7	7.00E-02
372.8	7.00E-02
372.9	7.00E-02
373	7.00E-02
373.1	7.00E-02
373.2	7.00E-02
373.3	7.00E-02
373.4	7.00E-02
373.5	7.00E-02
373.6	7.00E-02
373.7	7.00E-02
373.8	7.00E-02
373.9	7.00E-02
374	7.00E-02
374.1	7.00E-02
374.2	7.00E-02
374.3	7.00E-02
374.4	7.00E-02
374.5	7.00E-02
374.6	7.00E-02
374.7	7.00E-02
374.8	7.00E-02
374.9	7.00E-02
375	7.00E-02
375.1	7.00E-02
375.2	7.00E-02
375.3	7.00E-02
375.4	7.00E-02
375.5	7.00E-02
375.6	7.00E-02
375.7	7.00E-02
375.8	7.00E-02
375.9	7.00E-02
376	7.00E-02
376.1	7.00E-02
376.2	7.00E-02
376.3	7.00E-02
376.4	7.00E-02
376.5	7.00E-02
376.6	7.00E-02
376.7	7.00E-02
376.8	7.00E-02
376.9	7.00E-02
377	7.00E-02
377.1	7.00E-02
377.2	7.00E-02
377.3	7.00E-02
377.4	7.00E-02
377.5	7.00E-02
377.6	7.00E-02
377.7	7.00E-02
377.8	7.00E-02
377.9	7.00E-02
378	7.00E-02
378.1	7.00E-02
378.2	7.00E-02
378.3	7.00E-02
378.4	7.00E-02
378.5	7.00E-02
378.6	7.00E-02
378.7	7.00E-02
378.8	7.00E-02
378.9	7.00E-02
379	7.00E-02
379.1	7.00E-02
379.2	7.00E-02
379.3	7.00E-02
379.4	7.00E-02
379.5	7.00E-02
379.6	7.00E-02
379.7	7.00E-02
379.8	7.00E-02
379.9	7.00E-02
380	7.00E-02
380.1	7.00E-02
380.2	7.00E-02
380.3	7.00E-02
380.4	7.00E-02
380.5	7.00E-02
380.6	7.00E-02
380.7	7.00E-02
380.8	7.00E-02
380.9	7.00E-02
381	7.00E-02
381.1	7.00E-02
381.2	7.00E-02
381.3	7.00E-02
381.4	7.00E-02
381.5	7.00E-02
381.6	7.00E-02
381.7	7.00E-02
381.8	7.00E-02
381.9	7.00E-02
382	7.00E-02
382.1	7.00E-02
382.2	7.00E-02
382.3	7.00E-02
382.4	7.00E-02
382.5	7.00E-02
382.6	7.00E-02
382.7	7.00E-02
382.8	7.00E-02
382.9	7.00E-02
383	7.00E-02
383.1	7.00E-02
383.2	7.00E-02
383.3	7.00E-02
383.4	7.00E-02
383.5	7.00E-02
383.6	7.00E-02
383.7	7.00E-02
383.8	7.00E-02
383.9	7.00E-02
384	7.00E-02
384.1	7.00E-02
384.2	7.00E-02
384.3	7.00E-02
384.4	7.00E-02
384.5	7.00E-02
384.6	7.00E-02
384.7	7.00E-02
384.8	7.00E-02
384.9	7.00E-02
385	7.00E-02
385.1	7.00E-02
385.2	7.00E-02
385.3	7.00E-02
385.4	7.00E-02
385.5	7.00E-02
385.6	7.00E-02
385.7	7.00E-02
385.8	7.00E-02
385.9	7.00E-02
386	7.00E-02
386.1	7.00E-02
386.2	7.00E-02
386.3	7.00E-02
386.4	7.00E-02
386.5	7.00E-02
386.6	7.00E-02
386.7	7.00E-02
386.8	7.00E-02
386.9	7.00E-02
387	7.00E-02
387.1	7.00E-02
387.2	7.00E-02
387.3	7.00E-02
387.4	7.00E-02
387.5	7.00E-02
387.6	7.00E-02
387.7	7.00E-02
387.8	7.00E-02
387.9	7.00E-02
388	7.00E-02
388.1	7.00E-02
388.2	7.00E-02
388.3	7.00E-02
388.4	7.00E-02
388.5	7.00E-02
388.6	7.00E-02
388.7	7.00E-02
388.8	7.00E-02
388.9	7.00E-02
389	7.00E-02
389.1	7.00E-02
389.2	7.00E-02
389.3	7.00E-02
389.4	7.00E-02
389.5	7.00E-02
389.6	7.00E-02
389.7	7.00E-02
389.8	7.00E-02
389.9	7.00E-02
390	7.00E-02
390.1	7.00E-02
390.2	7.00E-02
390.3	7.00E-02
390.4	7.00E-02
390.5	7.00E-02
390.6	7.00E-02
390.7	7.00E-02
390.8	7.00E-02
390.9	7.00E-02
391	7.00E-02
391.1	7.00E-02
391.2	7.00E-02
391.3	7.00E-02
391.4	7.00E-02
391.5	7.00E-02
391.6	7.00E-02
391.7	7.00E-02
391.8	7.00E-02
391.9	7.00E-02
392	7.00E-02
392.1	7.00E-02
392.2	7.00E-02
392.3	7.00E-02
392.4	7.00E-02
392.5	7.00E-02
392.6	7.00E-02
392.7	7.00E-02
392.8	7.00E-02
392.9	7.00E-02
393	7.00E-02
393.1	7.00E-02
393.2	7.00E-02
393.3	7.00E-02
393.4	7.00E-02
393.5	7.00E-02
393.6	7.00E-02
393.7	7.00E-02
393.8	7.00E-02
393.9	7.00E-02
394	7.00E-02
394.1	7.00E-02
394.2	7.00E-02
394.3	7.00E-02
394.4	6.81E-02
394.5	5.67E-02
394.6	4.49E-02
394.7	3.29E-02
394.8	2.06E-02
394.9	7.76E-03
395	0
395.1	0
395.2	0
395.3	0
395.4	0
395.5	0
395.6	0
395.7	0
395.8	0
395.9	0
396	0
396.1	0
396.2	0
396.3	0
396.4	0
396.5	0
396.6	0
396.7	0
396.8	0
396.9	0
397	0
397.1	0
397.2	0
397.3	0
397.4	0
397.5	0
397.6	0
397.7	0
397.8	0
397.9	0
398	0
398.1	0
398.2	0
398.3	0
398.4	0
398.5	0
398.6	0
398.7	0
398.8	0
398.9	0
399	0
399.1	0
399.2	0
399.3	0
399.4	0
399.5	0
399.6	0
399.7	0
399.8	0
399.9	0
400	0
400.1	0
400.2	0
400.3	0
400.4	0
400.5	0
400.6	0
400.7	0
400.8	0
400.9	0
401	0
401.1	0
401.2	0
401.3	0
401.4	0
401.5	0
401.6	0
401.7	0
401.8	0
401.9	0
402	0
402.1	0
402.2	0
402.3	0
402.4	0
402.5	0
402.6	0
402.7	0
402.8	0
402.9	0
403	0
403.1	0
403.2	0
403.3	0
403.4	0
403.5	0
403.6	0
403.7	0
403.8	0
403.9	0
404	0
404.1	0
404.2	0
404.3	0
404.4	0
404.5	0
404.6	0
404.7	0
404.8	0
404.9	0
405	2.29E-05
405.1	1.02E-04
405.2	4.70E-04
405.3	1.10E-03
405.4	1.96E-03
405.5	2.82E-03
405.6	3.70E-03
405.7	4.61E-03
405.8	5.53E-03
405.9	6.45E-03
406	7.37E-03
406.1	8.29E-03
406.2	9.21E-03
406.3	1.01E-02
406.4	1.10E-02
406.5	1.19E-02
406.6	1.28E-02
406.7	1.37E-02
406.8	1.47E-02
406.9	1.57E-02
407	1.57E-02
407.1	1.57E-02
407.2	1.57E-02
407.3	1.57E-02
407.4	1.57E-02
407.5	1.57E-02
407.6	1.57E-02
407.7	1.57E-02
407.8	1.57E-02
407.9	1.57E-02
408	1.57E-02
408.1	1.57E-02
408.2	1.57E-02
408.3	1.57E-02
408.4	1.57E-02
408.5	1.57E-02
408.6	1.57E-02
408.7	1.57E-02
408.8	1.57E-02
408.9	1.57E-02
409	1.57E-02
409.1	1.57E-02
409.2	1.57E-02
409.3	1.57E-02
409.4	1.57E-02
409.5	1.57E-02
409.6	1.57E-02
409.7	1.57E-02
409.8	1.57E-02
409.9	1.57E-02
410	1.57E-02