0	0
1	0
2	0
3	0
4	0
5	0
6	0
7	0
8	0
9	0
10	0
11	0
12	0
13	0
14	0
15	0
16	0
17	0
18	0
19	0
20	0
21	0
22	0
23	0
24	0
25	0
26	0
27	0
28	0
29	0
30	0
31	0
32	0
33	0
34	0
35	0
36	0
37	0
38	0
39	0
40	0
41	0
42	0
43	0
44	0
45	0
46	0
47	0
48	0
49	0
50	0
51	0
52	0
53	0
54	0
55	0
56	0
57	0
58	0
59	0
60	0
61	0
62	0
63	0
64	0
65	0
66	0
67	0
68	0
69	0
70	0
71	0
72	0
73	0
74	0
75	0
76	0
77	0
78	0
79	0
80	0
81	0
82	0
83	0
84	0
85	0
86	0
87	0
88	0
89	0
90	0
91	0
92	0
93	0
94	0
95	0
96	0
97	0
98	0
99	0
100	0
101	0
102	0
103	0
104	0
105	0
106	0
107	0
108	0
109	0
110	0
111	0
112	0
113	0
114	0
115	0
116	0
117	0
118	0
119	0
120	0
121	0
122	0
123	0
124	0
125	0
126	0
127	0
128	0
129	0
130	0
131	0
132	0
133	0
134	0
135	0
136	0
137	0
138	0
139	0
140	0
141	0
142	0
143	0
144	0
145	0
146	0
147	0
148	0
149	0
150	0
151	0
152	0
153	0
154	0
155	0
156	0
157	0
158	0
159	0
160	0
161	0
162	0
163	0
164	0
165	0
166	0
167	0
168	0
169	0
170	0
171	0
172	0
173	0
174	0
175	0
176	0
177	0
178	0
179	0
180	0
181	0
182	0
183	0
184	0
185	0
186	0
187	0
188	0
189	0
190	0
191	0
192	0
193	0
194	0
195	0
196	0
197	0
198	0
199	0
200	0
201	0
202	0
203	0
204	0
205	0
206	0
207	0
208	0
209	0
210	0
211	0
212	0
213	0
214	0
215	0
216	0
217	0
218	0
219	0
220	0
221	0
222	0
223	0
224	0
225	0
226	0
227	0
228	0
229	0
230	0
231	0
232	0
233	0
234	0
235	0
236	0
237	0
238	0
239	0
240	0
241	0
242	0
243	0
244	0
245	0
246	0
247	0
248	0
249	0
250	0
250	0
251	0
252	0
253	0
254	0
255	0
256	0
257	0
258	0
259	0
260	0
261	0
262	0
263	0
264	0
265	0
266	0
267	0
268	0
269	0
270	0
271	0
272	0
273	0
274	0
275	0
276	0
277	0
278	0
279	0
280	0
281	0
282	0
283	0
284	0
285	0
286	0
287	0
288	0
289	0
290	0
291	0
292	0
293	0
294	0
295	0
296	0
297	0
298	0
299	0
300	0
301	0
302	0
303	0
304	0
305	0
306	0
307	0
308	0
309	0
310	0
311	0
312	0
313	0
314	0
315	0
316	0
317	0
318	0
319	0
320	0
321	0
322	0
323	0
324	0
325	0
326	0
327	0
328	0
329	0
330	0
331	0
332	0
333	0
334	0
335	0
336	0
337	0
338	0
339	0
340	0
341	0
342	0
343	0
344	0
345	0
346	0
347	0
348	0
349	0
350	0
351	0
352	0
353	0
354	0
355	0
356	0
357	0
358	0
359	0
360	0
361	0
362	0
363	0
364	0
365	0
366	0
367	0
368	0
369	0
370	2.50E-02
370	2.50E-02
370.1	2.74E-02
370.2	2.74E-02
370.3	2.74E-02
370.4	2.74E-02
370.5	2.74E-02
370.6	2.74E-02
370.7	2.74E-02
370.8	2.74E-02
370.9	2.74E-02
371	2.74E-02
371.1	2.74E-02
371.2	2.74E-02
371.3	2.74E-02
371.4	2.74E-02
371.5	2.74E-02
371.6	2.74E-02
371.7	2.74E-02
371.8	2.74E-02
371.9	2.74E-02
372	2.74E-02
372.1	2.74E-02
372.2	2.74E-02
372.3	2.74E-02
372.4	2.74E-02
372.5	2.74E-02
372.6	2.74E-02
372.7	2.74E-02
372.8	2.74E-02
372.9	2.74E-02
373	2.74E-02
373.1	2.74E-02
373.2	2.74E-02
373.3	2.74E-02
373.4	2.74E-02
373.5	2.74E-02
373.6	2.74E-02
373.7	2.74E-02
373.8	2.74E-02
373.9	2.74E-02
374	2.74E-02
374.1	2.74E-02
374.2	2.74E-02
374.3	2.74E-02
374.4	2.74E-02
374.5	2.74E-02
374.6	2.74E-02
374.7	2.74E-02
374.8	2.74E-02
374.9	2.74E-02
375	2.74E-02
375.1	2.74E-02
375.2	2.74E-02
375.3	2.74E-02
375.4	2.74E-02
375.5	2.74E-02
375.6	2.74E-02
375.7	2.74E-02
375.8	2.74E-02
375.9	2.74E-02
376	2.74E-02
376.1	2.74E-02
376.2	2.74E-02
376.3	2.74E-02
376.4	2.74E-02
376.5	2.74E-02
376.6	2.74E-02
376.7	2.74E-02
376.8	2.74E-02
376.9	2.74E-02
377	2.74E-02
377.1	2.74E-02
377.2	2.74E-02
377.3	2.74E-02
377.4	2.74E-02
377.5	2.74E-02
377.6	2.74E-02
377.7	2.74E-02
377.8	2.74E-02
377.9	2.74E-02
378	2.74E-02
378.1	2.74E-02
378.2	2.74E-02
378.3	2.74E-02
378.4	2.74E-02
378.5	2.74E-02
378.6	2.74E-02
378.7	2.74E-02
378.8	2.74E-02
378.9	2.74E-02
379	2.74E-02
379.1	2.74E-02
379.2	2.74E-02
379.3	2.74E-02
379.4	2.74E-02
379.5	2.74E-02
379.6	2.74E-02
379.7	2.74E-02
379.8	2.74E-02
379.9	2.74E-02
380	2.74E-02
380.1	2.74E-02
380.2	2.74E-02
380.3	2.74E-02
380.4	2.74E-02
380.5	2.74E-02
380.6	2.74E-02
380.7	2.74E-02
380.8	2.74E-02
380.9	2.74E-02
381	2.74E-02
381.1	2.74E-02
381.2	2.74E-02
381.3	2.74E-02
381.4	2.74E-02
381.5	2.74E-02
381.6	2.74E-02
381.7	2.74E-02
381.8	2.74E-02
381.9	2.74E-02
382	2.74E-02
382.1	2.74E-02
382.2	2.74E-02
382.3	2.74E-02
382.4	2.74E-02
382.5	2.74E-02
382.6	2.74E-02
382.7	2.74E-02
382.8	2.74E-02
382.9	2.74E-02
383	2.74E-02
383.1	2.74E-02
383.2	2.74E-02
383.3	2.74E-02
383.4	2.74E-02
383.5	2.74E-02
383.6	2.74E-02
383.7	2.74E-02
383.8	2.74E-02
383.9	2.74E-02
384	2.74E-02
384.1	2.74E-02
384.2	2.74E-02
384.3	2.74E-02
384.4	2.74E-02
384.5	2.74E-02
384.6	2.74E-02
384.7	2.74E-02
384.8	2.74E-02
384.9	2.74E-02
385	2.74E-02
385.1	2.74E-02
385.2	2.74E-02
385.3	2.74E-02
385.4	2.74E-02
385.5	2.74E-02
385.6	2.74E-02
385.7	2.74E-02
385.8	2.74E-02
385.9	2.74E-02
386	2.74E-02
386.1	2.74E-02
386.2	2.74E-02
386.3	2.74E-02
386.4	2.74E-02
386.5	2.74E-02
386.6	2.74E-02
386.7	2.74E-02
386.8	2.74E-02
386.9	2.74E-02
387	2.74E-02
387.1	2.74E-02
387.2	2.74E-02
387.3	2.74E-02
387.4	2.74E-02
387.5	2.74E-02
387.6	2.74E-02
387.7	2.74E-02
387.8	2.74E-02
387.9	2.74E-02
388	2.74E-02
388.1	2.74E-02
388.2	2.74E-02
388.3	2.74E-02
388.4	2.74E-02
388.5	2.74E-02
388.6	2.74E-02
388.7	2.74E-02
388.8	2.74E-02
388.9	2.74E-02
389	2.74E-02
389.1	2.74E-02
389.2	2.74E-02
389.3	2.74E-02
389.4	2.74E-02
389.5	2.74E-02
389.6	2.74E-02
389.7	2.74E-02
389.8	2.74E-02
389.9	2.74E-02
390	2.74E-02
390.1	2.74E-02
390.2	2.74E-02
390.3	2.74E-02
390.4	2.74E-02
390.5	2.74E-02
390.6	2.74E-02
390.7	2.74E-02
390.8	2.74E-02
390.9	2.74E-02
391	2.74E-02
391.1	2.74E-02
391.2	2.74E-02
391.3	2.74E-02
391.4	2.74E-02
391.5	2.74E-02
391.6	2.74E-02
391.7	2.74E-02
391.8	2.74E-02
391.9	2.74E-02
392	2.74E-02
392.1	2.74E-02
392.2	2.74E-02
392.3	2.74E-02
392.4	2.74E-02
392.5	2.74E-02
392.6	2.74E-02
392.7	2.74E-02
392.8	2.74E-02
392.9	2.74E-02
393	2.74E-02
393.1	2.74E-02
393.2	2.74E-02
393.3	2.74E-02
393.4	2.74E-02
393.5	2.74E-02
393.6	2.74E-02
393.7	2.74E-02
393.8	2.74E-02
393.9	2.74E-02
394	2.74E-02
394.1	2.74E-02
394.2	2.74E-02
394.3	2.74E-02
394.4	2.74E-02
394.5	2.74E-02
394.6	2.74E-02
394.7	2.74E-02
394.8	2.08E-02
394.9	7.86E-03
395	0
395.1	0
395.2	0
395.3	0
395.4	0
395.5	0
395.6	0
395.7	0
395.8	0
395.9	0
396	0
396.1	0
396.2	0
396.3	0
396.4	0
396.5	0
396.6	0
396.7	0
396.8	0
396.9	0
397	0
397.1	0
397.2	0
397.3	0
397.4	0
397.5	0
397.6	0
397.7	0
397.8	0
397.9	0
398	0
398.1	0
398.2	0
398.3	0
398.4	0
398.5	0
398.6	0
398.7	0
398.8	0
398.9	0
399	0
399.1	0
399.2	0
399.3	0
399.4	0
399.5	0
399.6	0
399.7	0
399.8	0
399.9	0
400	0
400.1	0
400.2	0
400.3	0
400.4	0
400.5	0
400.6	0
400.7	0
400.8	0
400.9	0
401	0
401.1	0
401.2	0
401.3	0
401.4	0
401.5	0
401.6	0
401.7	0
401.8	0
401.9	0
402	0
402.1	0
402.2	0
402.3	0
402.4	0
402.5	0
402.6	0
402.7	0
402.8	0
402.9	0
403	0
403.1	0
403.2	0
403.3	0
403.4	0
403.5	0
403.6	0
403.7	0
403.8	0
403.9	0
404	0
404.1	0
404.2	0
404.3	0
404.4	0
404.5	0
404.6	0
404.7	0
404.8	0
404.9	0
405	0
405.1	0
405.2	0
405.3	0
405.4	0
405.5	0
405.6	0
405.7	0
405.8	0
405.9	0
406	0
406.1	0
406.2	0
406.3	0
406.4	0
406.5	0
406.6	0
406.7	0
406.8	0
406.9	0
407	1.55E-01
407.1	2.84E-01
407.2	3.93E-01
407.3	4.83E-01
407.4	5.60E-01
407.5	6.23E-01
407.6	6.77E-01
407.7	7.21E-01
407.8	7.59E-01
407.9	7.90E-01
408	8.16E-01
408.1	8.38E-01
408.2	8.57E-01
408.3	8.72E-01
408.4	8.85E-01
408.5	8.96E-01
408.6	9.05E-01
408.7	9.13E-01
408.8	9.19E-01
408.9	9.24E-01
409	9.29E-01
409.1	9.32E-01
409.2	9.36E-01
409.3	9.38E-01
409.4	9.40E-01
409.5	9.42E-01
409.6	9.44E-01
409.7	9.45E-01
409.8	9.46E-01
409.9	9.47E-01
410	9.48E-01