102	354.3
202	362.7
302	371
402	379.4
502	387.7
602	396.1
702	404.5
802	412.8
902	421.2
1.00E+03	429.5
1.10E+03	437.9
1.20E+03	446.2
1.30E+03	454.6
1.40E+03	462.9
1.50E+03	471.3
1.60E+03	479.6
1.70E+03	488
1.80E+03	496.3
1.90E+03	504.7
2.00E+03	513
2.10E+03	521.4
2.20E+03	529.8
2.30E+03	538.1
2.40E+03	546.5
2.50E+03	554.8
2.60E+03	563.2
2.70E+03	571.5
2.80E+03	579.9
2.90E+03	588.2
3.00E+03	596.6
3.10E+03	604.9
3.20E+03	613.3
3.30E+03	621.6
3.40E+03	630
3.50E+03	638.3
3.60E+03	646.6
3.70E+03	646.6
3.80E+03	646.6
3.90E+03	646.6
4.00E+03	646.6
4.10E+03	646.6
4.20E+03	646.6
4.30E+03	646.6
4.40E+03	646.6
4.50E+03	646.6
4.60E+03	646.6
4.70E+03	650.1
4.80E+03	658
4.90E+03	666
5.00E+03	674
5.10E+03	681.9
5.20E+03	689.9
5.30E+03	697.9
5.40E+03	705.8
5.50E+03	713.8
5.60E+03	721.8
5.70E+03	729.7
5.80E+03	737.7
5.90E+03	745.7
6.00E+03	746.9
6.10E+03	746.9
6.20E+03	746.9
6.30E+03	746.9
6.40E+03	746.9
6.50E+03	746.9
6.60E+03	746.9
6.70E+03	746.9
6.80E+03	746.9
6.90E+03	746.9
7.00E+03	746.9
7.10E+03	746.9
7.20E+03	746.9
7.30E+03	746.9
7.40E+03	746.9
7.50E+03	746.9
7.60E+03	746.9
7.70E+03	746.9
7.80E+03	746.9
7.90E+03	746.9
8.00E+03	746.9
8.10E+03	746.9
8.20E+03	746.9
8.30E+03	746.9
8.40E+03	746.9
8.50E+03	746.9
8.60E+03	746.9
8.70E+03	746.9
8.80E+03	746.9
8.90E+03	746.9
9.00E+03	746.9
9.10E+03	746.9
9.20E+03	746.9
9.30E+03	746.9
9.40E+03	746.9
9.50E+03	746.9
9.60E+03	746.9
9.70E+03	746.9
9.80E+03	746.9
9.90E+03	746.9
1.00E+04	746.9
1.01E+04	746.9
1.02E+04	746.9
1.03E+04	746.9
1.04E+04	746.9
1.05E+04	746.9
1.06E+04	746.9
1.07E+04	746.9
1.08E+04	746.9
1.09E+04	746.9
1.10E+04	746.9
1.11E+04	746.9
1.12E+04	746.9
1.13E+04	746.9
1.14E+04	746.9
1.15E+04	746.9
1.16E+04	746.9
1.17E+04	746.9
1.18E+04	746.9
1.19E+04	746.9
1.20E+04	746.9
1.21E+04	746.9
1.22E+04	746.9
1.23E+04	746.9
1.24E+04	746.9
1.25E+04	746.9
1.26E+04	746.9
1.27E+04	746.9
1.28E+04	746.9
1.29E+04	746.9
1.30E+04	746.9
1.31E+04	746.9
1.32E+04	740.2
1.33E+04	731.1
1.34E+04	722
1.35E+04	712.9
1.36E+04	703.8
1.37E+04	694.7
1.38E+04	685.5
1.39E+04	676.4
1.40E+04	667.3
1.41E+04	658.2
1.42E+04	649.1
1.43E+04	640
1.44E+04	630.8
1.45E+04	621.7
1.46E+04	612.6
1.47E+04	603.5
1.48E+04	594.4
1.49E+04	585.3
1.50E+04	576.1
1.51E+04	567
1.52E+04	557.9
1.53E+04	548.8
1.54E+04	539.7
1.55E+04	530.6
1.56E+04	521.4
1.57E+04	512.3
1.58E+04	503.2
1.59E+04	494.1
1.60E+04	485
1.61E+04	475.9
1.62E+04	466.7
1.63E+04	457.6
1.64E+04	448.5
1.65E+04	439.4
1.66E+04	430.3
1.67E+04	421.2
1.68E+04	412
1.69E+04	402.9
1.70E+04	397.9
1.71E+04	396.1
1.72E+04	394.3
1.73E+04	392.6
1.74E+04	390.8
1.75E+04	389
1.76E+04	387.3
1.77E+04	385.5
1.78E+04	383.7
1.79E+04	382
1.80E+04	380.2
1.81E+04	378.4
1.82E+04	376.7
1.83E+04	374.9
1.84E+04	373.1
1.85E+04	371.3
1.86E+04	369.6
1.87E+04	367.8
1.88E+04	366
1.89E+04	364.3
1.90E+04	362.5
1.91E+04	360.7
1.92E+04	359
1.93E+04	357.2
1.94E+04	355.4
1.95E+04	353.7
1.96E+04	351.9
1.97E+04	350.1
1.98E+04	348.4
1.99E+04	346.6
2.00E+04	344.8
2.01E+04	343.1
2.02E+04	341.3
2.03E+04	339.5
2.04E+04	337.8
2.05E+04	336
2.06E+04	334.2
2.07E+04	332.4
2.08E+04	330.7
2.09E+04	328.9
2.10E+04	327.1
2.11E+04	325.4
2.12E+04	323.6
2.13E+04	321.8
2.14E+04	320.1
2.15E+04	318.3
2.16E+04	316.5
2.17E+04	314.8
2.18E+04	313
2.19E+04	311.2
2.20E+04	309.5
2.21E+04	307.7
2.22E+04	305.9
2.23E+04	304.2
2.24E+04	302.4
2.25E+04	300.6
2.26E+04	298.9
2.27E+04	297.1
2.28E+04	295.3
2.29E+04	293.5
2.30E+04	291.8
2.31E+04	290
2.32E+04	288.2
2.33E+04	286.5
2.34E+04	284.7
2.35E+04	282.9
2.36E+04	281.2
2.37E+04	279.4
2.38E+04	277.6
2.39E+04	275.9
2.40E+04	274.1
2.41E+04	272.3
2.42E+04	270.6
2.43E+04	268.8
2.44E+04	267
2.45E+04	265.3
2.46E+04	263.5
2.47E+04	261.7
2.48E+04	260
2.49E+04	258.2
2.50E+04	256.4
2.51E+04	254.6
2.52E+04	252.9
2.53E+04	251.1
2.54E+04	249.3
2.55E+04	247.6
2.56E+04	245.8
2.57E+04	244
2.58E+04	242.3
2.59E+04	240.5
2.60E+04	238.7
2.61E+04	237
2.62E+04	235.2
2.63E+04	233.4
2.64E+04	231.7
2.65E+04	229.9
2.66E+04	228.1
2.67E+04	226.4
2.68E+04	224.6
2.69E+04	222.8
2.70E+04	221.1
2.71E+04	219.3
2.72E+04	217.5
2.73E+04	215.7
2.74E+04	214
2.75E+04	212.2
2.76E+04	210.4
2.77E+04	208.7
2.78E+04	206.9
2.79E+04	205.1
2.80E+04	203.4
2.81E+04	201.6
2.82E+04	199.8
2.83E+04	198.4
2.84E+04	197.9
2.85E+04	197.4
2.86E+04	196.8
2.87E+04	196.3
2.88E+04	195.8
2.89E+04	195.3
2.90E+04	194.8
2.91E+04	194.3
2.92E+04	193.7
2.93E+04	193.2
2.94E+04	192.7
2.95E+04	192.2
2.96E+04	191.7
2.97E+04	191.2
2.98E+04	190.7
2.99E+04	190.1
3.00E+04	189.6
3.01E+04	189.1
3.02E+04	188.6
3.03E+04	188.1
3.04E+04	187.6
3.05E+04	187
3.06E+04	186.5
3.07E+04	186
3.08E+04	185.5
3.09E+04	185
3.10E+04	184.5
3.11E+04	184
3.12E+04	183.4
3.13E+04	182.9
3.14E+04	182.4
3.15E+04	181.9
3.16E+04	181.4
3.17E+04	180.9
3.18E+04	180.3
3.19E+04	179.8
3.20E+04	179.3
3.21E+04	178.8
3.22E+04	178.3
3.23E+04	177.8
3.24E+04	177.3
3.25E+04	176.7
3.26E+04	176.2
3.27E+04	175.7
3.28E+04	175.2
3.29E+04	174.7
3.30E+04	174.2
3.31E+04	173.7
3.32E+04	173.1
3.33E+04	172.6
3.34E+04	172.1
3.35E+04	171.6
3.36E+04	171.1
3.37E+04	170.6
3.38E+04	170
3.39E+04	169.5
3.40E+04	169
3.41E+04	168.5
3.42E+04	168
3.43E+04	167.5
3.44E+04	167
3.45E+04	166.4
3.46E+04	165.9
3.47E+04	165.4
3.48E+04	164.9
3.49E+04	164.4
3.50E+04	163.9
3.51E+04	163.3
3.52E+04	162.8
3.53E+04	162.3
3.54E+04	161.8
3.55E+04	161.3
3.56E+04	160.8
3.57E+04	160.3
3.58E+04	159.7
3.59E+04	159.2
3.60E+04	158.7
3.61E+04	158.2
3.62E+04	157.7
3.63E+04	157.2
3.64E+04	156.6
3.65E+04	156.1
3.66E+04	155.6
3.67E+04	155.1
3.68E+04	154.6
3.69E+04	154.1
3.70E+04	153.6
3.71E+04	153
3.72E+04	152.5
3.73E+04	152
3.74E+04	151.5
3.75E+04	151
3.76E+04	150.5
3.77E+04	149.9
3.78E+04	149.4
3.79E+04	148.9
3.80E+04	148.4
3.81E+04	147.9
3.82E+04	147.4
3.83E+04	146.9
3.84E+04	146.3
3.85E+04	145.8
3.86E+04	145.3
3.87E+04	144.8
3.88E+04	144.3
3.89E+04	143.8
3.90E+04	143.3
3.91E+04	142.7
3.92E+04	142.2
3.93E+04	141.7
3.94E+04	141.2
3.95E+04	140.7
3.96E+04	140.2
3.97E+04	139.6
3.98E+04	139.1
3.99E+04	138.6
4.00E+04	138.1
4.01E+04	137.6
4.02E+04	137.1
4.03E+04	136.6
4.04E+04	136
4.05E+04	135.5
4.06E+04	135
4.07E+04	134.5
4.08E+04	134
4.09E+04	133.5
4.10E+04	132.9
4.11E+04	132.4
4.12E+04	131.9
4.13E+04	131.4
4.14E+04	130.9
4.15E+04	130.4
4.16E+04	129.9
4.17E+04	129.3
4.18E+04	128.8
4.19E+04	128.3
4.20E+04	127.8
4.21E+04	127.3
4.22E+04	126.8
4.23E+04	126.2
4.24E+04	125.7
4.25E+04	125.2
4.26E+04	124.7
4.27E+04	124.2
4.28E+04	123.7
4.29E+04	123.2
4.30E+04	122.6
4.31E+04	122.1
4.32E+04	121.6
4.33E+04	121.1
4.34E+04	120.6
4.35E+04	120.1
4.36E+04	119.5
4.37E+04	119
4.38E+04	118.5
4.39E+04	118
4.40E+04	117.5
4.41E+04	117
4.42E+04	116.5
4.43E+04	115.9
4.44E+04	115.4
4.45E+04	114.9
4.46E+04	114.4
4.47E+04	113.9
4.48E+04	113.4
4.49E+04	112.9
4.50E+04	112.3
4.51E+04	111.8
4.52E+04	111.3
4.53E+04	110.8
4.54E+04	110.3
4.55E+04	109.8
4.56E+04	109.2
4.57E+04	108.7
4.58E+04	108.2
4.59E+04	107.7
4.60E+04	107.2
4.61E+04	106.7
4.62E+04	106.2
4.63E+04	105.6
4.64E+04	105.1
4.65E+04	104.6
4.66E+04	104.1
4.67E+04	103.6
4.68E+04	103.1
4.69E+04	102.5
4.70E+04	102
4.71E+04	101.5
4.72E+04	101
4.73E+04	100.5
4.74E+04	99.97
4.75E+04	99.45
4.76E+04	98.94
4.77E+04	98.46
4.78E+04	98.3
4.79E+04	98.14
4.80E+04	97.99
4.81E+04	97.83
4.82E+04	97.67
4.83E+04	97.51
4.84E+04	97.35
4.85E+04	97.2
4.86E+04	97.04
4.87E+04	96.88
4.88E+04	96.72
4.89E+04	96.56
4.90E+04	96.41
4.91E+04	96.25
4.92E+04	96.09
4.93E+04	95.93
4.94E+04	95.77
4.95E+04	95.62
4.96E+04	95.46
4.97E+04	95.3
4.98E+04	95.14
4.99E+04	94.98
5.00E+04	94.83
5.01E+04	94.67
5.02E+04	94.51
5.03E+04	94.35
5.04E+04	94.19
5.05E+04	94.04
5.06E+04	93.88
5.07E+04	93.72
5.08E+04	93.56
5.09E+04	93.4
5.10E+04	93.25
5.11E+04	93.09
5.12E+04	92.93
5.13E+04	92.77
5.14E+04	92.61
5.15E+04	92.46
5.16E+04	92.3
5.17E+04	92.14
5.18E+04	91.98
5.19E+04	91.82
5.20E+04	91.67
5.21E+04	91.51
5.22E+04	91.35
5.23E+04	91.19
5.24E+04	91.04
5.25E+04	90.88
5.26E+04	90.72
5.27E+04	90.56
5.28E+04	90.4
5.29E+04	90.25
5.30E+04	90.09
5.31E+04	89.93
5.32E+04	89.77
5.33E+04	89.61
5.34E+04	89.46
5.35E+04	89.3
5.36E+04	89.14
5.37E+04	88.98
5.38E+04	88.82
5.39E+04	88.67
5.40E+04	88.51
5.41E+04	88.35
5.42E+04	88.19
5.43E+04	88.03
5.44E+04	87.88
5.45E+04	87.72
5.46E+04	87.56
5.47E+04	87.4
5.48E+04	87.24
5.49E+04	87.09
5.50E+04	86.93
5.51E+04	86.77
5.52E+04	86.61
5.53E+04	86.45
5.54E+04	86.3
5.55E+04	86.14
5.56E+04	85.98
5.57E+04	85.82
5.58E+04	85.66
5.59E+04	85.51
5.60E+04	85.35
5.61E+04	85.19
5.62E+04	85.03
5.63E+04	84.87
5.64E+04	84.72
5.65E+04	84.56
5.66E+04	84.4
5.67E+04	84.24
5.68E+04	84.08
5.69E+04	83.93
5.70E+04	83.77
5.71E+04	83.61
5.72E+04	83.45
5.73E+04	83.29
5.74E+04	83.14
5.75E+04	82.98
5.76E+04	82.82
5.77E+04	82.66
5.78E+04	82.51
5.79E+04	82.35
5.80E+04	82.19
5.81E+04	82.03
5.82E+04	81.87
5.83E+04	81.72
5.84E+04	81.56
5.85E+04	81.4
5.86E+04	81.24
5.87E+04	81.08
5.88E+04	80.93
5.89E+04	80.77
5.90E+04	80.61
5.91E+04	80.45
5.92E+04	80.29
5.93E+04	80.14
5.94E+04	79.98
5.95E+04	79.82
5.96E+04	79.66
5.97E+04	79.5
5.98E+04	79.35
5.99E+04	79.19
6.00E+04	79.03
6.01E+04	78.87
6.02E+04	78.71
6.03E+04	78.56
6.04E+04	78.4
6.05E+04	78.24
6.06E+04	78.08
6.07E+04	77.92
6.08E+04	77.77
6.09E+04	77.61
6.10E+04	77.45
6.11E+04	77.29
6.12E+04	77.13
6.13E+04	76.98
6.14E+04	76.82
6.15E+04	76.66
6.16E+04	76.5
6.17E+04	76.34
6.18E+04	76.19
6.19E+04	76.03
6.20E+04	75.87
6.21E+04	75.71
6.22E+04	75.55
6.23E+04	75.4
6.24E+04	75.24
6.25E+04	75.08
6.26E+04	74.92
6.27E+04	74.76
6.28E+04	74.61
6.29E+04	74.45
6.30E+04	74.29
6.31E+04	74.13
6.32E+04	73.98
6.33E+04	73.82
6.34E+04	73.66
6.35E+04	73.5
6.36E+04	73.34
6.37E+04	73.19
6.38E+04	73.03
6.39E+04	72.87
6.40E+04	72.71
6.41E+04	72.55
6.42E+04	72.4
6.43E+04	72.24
6.44E+04	72.08
6.45E+04	71.92
6.46E+04	71.76
6.47E+04	71.61
6.48E+04	71.45
6.49E+04	71.29
6.50E+04	71.13
6.51E+04	70.97
6.52E+04	70.82
6.53E+04	70.66
6.54E+04	70.5
6.55E+04	70.34
6.56E+04	70.18
6.57E+04	70.03
6.58E+04	69.87
6.59E+04	69.71
6.60E+04	69.55
6.61E+04	69.39
6.62E+04	69.24
6.63E+04	69.08
6.64E+04	68.92
6.65E+04	68.76
6.66E+04	68.6
6.67E+04	68.45
6.68E+04	68.29
6.69E+04	68.13
6.70E+04	67.97
6.71E+04	67.81
6.72E+04	67.66
6.73E+04	67.5
6.74E+04	67.34
6.75E+04	67.18
6.76E+04	67.02
6.77E+04	66.87
6.78E+04	66.71
6.79E+04	66.55
6.80E+04	66.39
6.81E+04	66.23
6.82E+04	66.08
6.83E+04	65.92
6.84E+04	65.76
6.85E+04	65.6
6.86E+04	65.45
6.87E+04	65.29
6.88E+04	65.13
6.89E+04	64.97
6.90E+04	64.81
6.91E+04	64.66
6.92E+04	64.5
6.93E+04	64.34
6.94E+04	64.18
6.95E+04	64.02
6.96E+04	63.87
6.97E+04	63.71
6.98E+04	63.55
6.99E+04	63.39
7.00E+04	63.23
7.01E+04	63.08
7.02E+04	62.92
7.03E+04	62.76
7.04E+04	62.6
7.05E+04	62.44
7.06E+04	62.29
7.07E+04	62.13
7.08E+04	61.97
7.09E+04	61.81
7.10E+04	61.65
7.11E+04	61.5
7.12E+04	61.34
7.13E+04	61.18
7.14E+04	61.02
7.15E+04	60.86
7.16E+04	60.71
7.17E+04	60.55
7.18E+04	60.39
7.19E+04	60.23
7.20E+04	60.07
7.21E+04	59.92
7.22E+04	59.76
7.23E+04	59.6
7.24E+04	59.44
7.25E+04	59.28
7.26E+04	59.13
7.27E+04	58.97
7.28E+04	58.81
7.29E+04	58.65
7.30E+04	58.49
7.31E+04	58.34
7.32E+04	58.18
7.33E+04	58.02
7.34E+04	57.86
7.35E+04	57.7
7.36E+04	57.55
7.37E+04	57.39
7.38E+04	57.23
7.39E+04	57.07
7.40E+04	56.91
7.41E+04	56.76
7.42E+04	56.6
7.43E+04	56.44
7.44E+04	56.28
7.45E+04	56.13
7.46E+04	55.97
7.47E+04	55.81
7.48E+04	55.65
7.49E+04	55.49
7.50E+04	55.34
7.51E+04	55.18
7.52E+04	55.02
7.53E+04	54.86
7.54E+04	54.7
7.55E+04	54.55
7.56E+04	54.39
7.57E+04	54.23
7.58E+04	54.07
7.59E+04	53.91
7.60E+04	53.76
7.61E+04	53.6
7.62E+04	53.44
7.63E+04	53.28
7.64E+04	53.12
7.65E+04	52.97
7.66E+04	52.81
7.67E+04	52.65
7.68E+04	52.49
7.69E+04	52.33
7.70E+04	52.18
7.71E+04	52.02
7.72E+04	51.86
7.73E+04	51.7
7.74E+04	51.54
7.75E+04	51.39
7.76E+04	51.23
7.77E+04	51.07
7.78E+04	50.91
7.79E+04	50.75
7.80E+04	50.6
7.81E+04	50.44
7.82E+04	50.28
7.83E+04	50.12
7.84E+04	49.96
7.85E+04	49.81
7.86E+04	49.65
7.87E+04	49.49
7.88E+04	49.33
7.89E+04	49.17
7.90E+04	49.02